342	1260
342	229
342	1074
342	1126
342	923
342	305
342	905
390	17
390	1669
390	554
390	2474
390	2620
390	2398
390	629
390	1048
390	1063
390	791
390	4124
390	301
390	2294
585	108
585	3009
585	545
585	189
585	1983
585	963
585	2802
585	703
585	145
585	55
585	85
585	3652
585	82
585	610
819	160
819	1236
819	145
819	1476
910	1200
381	123
381	690
381	110
381	649
381	3
381	882
381	3702
381	2211
381	623
381	2507
381	627
485	3523
485	1983
485	2324
485	1074
485	3538
485	75
485	316
1142	2612
21	3823
21	1911
21	3542
21	210
21	860
21	839
21	229
1018	4148
1018	4147
864	2062
864	687
864	539
864	3476
864	168
864	2063
864	10
864	2194
864	91
864	507
864	171
864	108
864	1558
864	1587
864	40
864	3937
864	1023
864	1393
242	673
242	90
242	3587
242	1179
242	1187
242	1546
242	2692
242	3320
101	90
101	1683
101	629
101	1048
101	1063
101	381
754	320
754	357
754	299
754	174
754	464
754	472
754	1124
754	1218
754	892
754	13
754	1192
754	1901
754	559
754	319
754	570
754	233
754	2754
754	485
754	1146
754	53
496	113
496	1549
496	767
496	554
496	627
496	1180
496	3431
496	403
496	2249
496	2248
496	351
496	350
496	41
496	25
496	28
496	2966
496	1138
496	76
496	170
496	413
496	629
496	1048
496	1063
496	1100
496	3011
496	132
496	116
496	1479
496	212
496	355
496	497
496	10
496	746
496	26
496	401
496	293
496	83
496	71
496	515
496	380
496	22
496	191
496	166
496	1601
496	394
496	333
496	1616
496	1264
496	97
496	2579
496	386
496	205
496	537
496	335
496	23
496	3016
496	372
496	447
496	2291
496	46
496	603
462	365
462	999
462	551
462	2827
462	472
462	783
288	3564
288	820
288	2052
288	628
288	89
288	25
288	28
288	1880
288	48
288	137
288	210
288	500
288	335
288	1884
958	144
958	134
958	47
958	1922
958	418
958	30
958	817
958	1062
958	1721
958	57
958	193
958	194
958	850
958	40
958	365
635	2668
635	554
635	2575
635	1406
635	2230
635	2685
635	2097
635	2086
635	624
635	630
635	1996
635	245
635	2662
635	4131
1114	1360
712	932
712	91
712	2861
636	1193
636	562
636	86
636	9
636	551
636	55
636	132
636	116
636	182
636	107
636	50
636	48
636	293
636	22
636	210
636	1853
636	3650
636	3651
636	2348
636	582
636	27
636	2507
636	1382
636	74
394	170
394	1100
394	2579
394	386
228	3312
228	506
1132	2452
951	2452
951	2685
951	2097
951	21
951	580
1137	2916
1137	2915
1137	3240
1137	865
1137	91
1137	210
1137	1873
1137	1409
1137	274
1167	2195
1167	1776
1167	377
1167	1355
1167	200
1167	25
1167	28
1167	687
1167	267
1167	1683
1167	1880
1167	427
1167	285
1167	880
1167	1522
1167	1037
1167	2612
1167	505
1167	1023
765	90
765	660
765	92
765	107
403	2938
403	8
403	130
403	24
403	115
403	174
403	365
403	47
403	545
403	99
403	19
403	40
403	29
403	510
403	1537
403	41
403	65
403	623
403	110
403	76
403	145
403	515
403	55
403	1098
403	182
403	2119
403	1007
403	10
403	264
403	1151
403	1740
403	133
403	153
403	48
403	409
403	21
403	2505
403	13
403	1481
403	1312
403	189
403	502
403	986
403	34
403	3612
403	2655
403	627
246	782
246	554
246	421
246	76
246	768
246	433
246	1820
246	515
246	68
246	613
246	386
246	763
246	2769
112	421
112	515
112	768
112	2865
112	433
112	386
112	2769
112	558
1169	3259
1169	145
1169	539
1169	3652
1169	507
1169	923
1169	683
1169	1388
1169	2440
691	53
691	2187
372	108
372	155
372	545
372	627
372	2114
372	18
372	460
372	328
372	255
372	828
372	914
372	132
372	116
372	792
372	3597
372	202
372	75
372	189
372	1055
372	2942
39	130
39	1833
39	377
39	627
39	94
39	456
39	76
39	3734
39	132
39	116
39	1218
39	404
39	202
39	707
39	91
39	401
39	1288
39	21
39	75
39	362
39	1134
39	619
39	629
39	844
39	1043
39	92
39	107
186	65
186	515
186	55
186	132
186	116
186	2125
186	50
163	249
163	1721
31	17
31	2487
31	337
31	29
31	4148
31	85
31	801
31	366
31	82
31	3430
31	2085
31	3472
578	123
578	1714
578	168
578	3559
578	2949
578	1853
578	994
578	3702
578	3
30	287
30	337
30	791
30	85
30	797
30	82
181	2409
27	337
27	167
27	545
27	562
27	63
27	33
27	74
27	515
27	112
27	629
27	1048
27	1063
27	791
27	85
27	801
27	366
27	832
27	224
27	238
27	82
27	923
27	319
914	90
914	2045
914	2681
914	2809
914	413
914	629
914	1048
914	1063
914	732
914	685
914	2680
914	1984
884	303
884	338
884	292
884	2170
884	2182
884	211
884	13
884	2164
499	282
499	2447
499	460
499	898
499	120
499	1110
499	294
499	264
499	415
499	33
499	231
499	45
499	41
499	413
499	1683
499	168
499	653
499	340
499	34
499	1237
499	2918
499	836
499	1087
499	920
499	738
499	230
499	852
499	210
499	333
499	1195
499	388
499	886
499	278
499	2120
499	242
499	3397
499	3733
85	554
85	33
85	1406
85	624
85	630
85	85
85	2628
644	973
644	977
644	334
644	468
644	2093
644	1549
644	554
644	3164
644	1253
644	110
644	2061
644	2059
644	2068
644	76
644	1605
644	1406
644	2230
644	2685
644	2097
644	624
644	630
644	1464
644	1100
644	1316
644	1417
644	2226
644	245
644	4124
644	1948
644	3200
644	0
644	2522
644	2851
644	3588
644	335
644	1946
644	2850
644	2852
644	1930
644	2515
644	1641
644	114
644	2973
644	258
644	1393
644	2853
644	2594
644	2291
644	3807
644	1049
644	1056
1000	1228
1000	2436
1000	352
95	377
95	1362
95	629
95	1048
95	1063
95	107
95	2168
95	2056
95	114
95	1023
431	510
431	1779
594	2776
594	3576
594	2685
594	2097
594	4203
594	1034
594	1996
594	709
594	137
594	3570
594	2098
612	973
612	977
612	782
612	17
612	922
612	2447
612	460
612	4201
612	898
612	282
612	365
612	1110
612	554
612	2997
612	2996
612	848
612	1763
612	2261
612	694
612	580
612	992
612	1047
612	551
612	484
612	63
612	456
612	1447
612	2608
612	112
612	1315
612	330
612	413
612	2071
612	1591
612	1240
612	39
612	1406
612	733
612	624
612	630
612	1228
612	943
612	804
612	340
612	1159
612	646
612	636
612	936
612	1733
612	871
612	411
612	1151
612	91
612	836
612	648
612	240
612	1235
612	256
612	1349
612	21
612	347
612	210
612	2813
612	2097
612	281
612	3060
612	137
612	1073
612	2498
612	3266
612	655
612	1186
612	1450
612	901
612	2929
612	1191
612	3733
682	90
682	1362
682	76
682	1605
682	2092
682	114
682	1602
412	973
412	977
412	1462
412	3572
412	656
412	651
412	641
412	643
412	90
412	1604
412	452
412	33
412	2921
412	3346
412	676
412	85
412	82
412	1605
412	3180
412	54
412	77
412	92
412	2524
412	2485
412	1999
412	107
782	130
782	377
782	145
782	994
782	960
782	882
782	378
144	282
144	120
144	294
144	264
144	415
144	43
144	33
144	460
144	41
144	508
144	547
144	340
144	34
144	1735
144	107
144	2918
144	1533
144	263
144	738
144	230
144	333
144	226
144	266
144	324
144	2187
144	53
144	571
144	578
144	1531
144	36
144	227
144	924
144	1868
518	63
518	1362
518	1768
518	510
518	200
518	1779
1013	365
1013	545
1013	1362
1013	202
1013	763
1013	47
1013	2039
587	1966
587	90
587	3789
587	454
587	1678
587	1709
498	973
498	977
498	1750
498	90
498	2928
498	94
498	40
498	29
498	33
498	1092
498	704
498	868
498	482
498	1369
498	383
498	1315
498	76
498	1240
498	34
498	1432
498	707
498	1658
498	230
498	2071
498	2682
498	732
498	1605
498	532
498	4190
498	1449
498	299
498	1410
498	114
498	92
498	107
291	90
291	465
291	63
291	629
291	1048
291	1063
647	365
647	47
647	413
647	751
647	464
647	472
647	707
647	817
647	764
647	991
647	189
647	906
647	1109
84	91
374	327
374	554
374	351
374	350
374	112
374	1479
374	212
374	202
374	178
374	2763
374	537
374	372
374	92
374	107
168	2458
168	131
168	2411
168	627
234	922
234	2447
234	460
234	554
234	628
234	413
234	505
234	1683
234	1406
234	624
234	630
234	1967
234	989
234	107
234	437
234	4119
234	245
234	483
234	410
234	92
234	2900
621	108
621	155
621	12
621	1273
621	1258
621	980
621	324
212	565
212	1128
212	115
212	1319
212	320
212	139
212	1002
212	357
212	12
212	99
212	19
212	299
212	174
212	18
212	515
212	279
212	85
212	313
212	368
212	404
212	2188
212	376
212	816
212	83
212	133
212	153
212	48
212	164
212	166
212	262
212	54
212	13
212	1070
212	1206
212	258
212	980
212	556
212	119
212	1525
212	324
212	321
212	34
212	409
212	559
212	319
212	388
212	1787
212	570
212	1085
212	2754
212	211
212	1836
212	157
212	2082
212	23
212	97
212	1023
212	2303
212	53
583	90
583	189
583	227
583	374
583	2119
583	1007
583	30
583	1927
583	581
583	732
583	1605
583	258
583	2092
583	1023
583	3391
583	92
583	107
121	580
121	2941
121	936
121	91
746	554
746	3164
746	90
746	33
746	709
746	262
746	1999
746	1948
264	90
264	1187
264	1389
264	660
264	381
264	2329
264	3956
264	92
264	107
178	554
178	1180
178	245
178	3456
178	3458
178	1178
110	365
110	47
110	515
110	1034
110	464
110	472
110	817
730	377
730	365
730	926
730	314
730	61
730	3
730	1853
730	994
730	123
730	211
730	13
730	1960
730	114
730	831
985	203
985	568
985	2461
985	1778
985	3778
149	1124
149	572
149	1070
197	130
197	1833
197	1294
197	189
197	3500
197	74
197	200
197	255
197	145
197	55
197	464
197	472
197	132
197	116
197	106
197	362
197	1835
197	882
197	1291
197	2507
197	627
860	53
310	115
310	357
310	470
310	13
310	1070
688	365
688	673
688	3044
688	90
688	354
688	1921
688	3789
688	1537
688	76
688	1976
688	413
688	325
688	819
688	21
688	92
688	107
688	1630
218	365
218	90
218	2135
218	1921
218	3789
218	1537
218	76
218	1187
218	581
218	50
218	2692
218	381
218	21
218	1460
218	1004
218	1530
429	90
429	40
429	29
429	1605
429	2092
109	267
109	1406
102	2087
102	151
102	689
803	24
803	1549
803	240
803	1100
803	882
803	2092
803	3588
441	2119
441	1007
617	1634
111	151
111	68
111	2946
603	988
603	130
603	282
603	898
603	1110
603	626
603	300
603	393
603	294
603	264
603	415
603	33
603	351
603	350
603	41
603	110
603	413
603	227
603	653
603	132
603	116
603	644
603	547
603	340
603	34
603	2918
603	886
603	822
603	1087
603	293
603	1235
603	738
603	893
603	333
603	68
603	3161
603	1043
603	493
603	210
160	130
160	377
160	365
160	139
160	2785
160	189
160	3500
160	74
160	255
160	145
160	55
160	629
160	1048
160	1063
160	132
160	116
160	164
160	994
160	882
160	68
160	2469
160	6
160	92
160	107
700	990
700	2307
700	1601
700	130
700	1760
700	545
700	627
700	189
700	2114
700	328
700	3617
700	255
700	145
700	828
700	914
700	768
700	1865
700	629
700	1048
700	1063
700	3011
700	132
700	116
700	943
700	588
700	293
700	363
700	362
700	162
700	1055
700	462
700	2695
700	13
700	582
700	3108
700	3070
700	2942
640	1995
640	898
640	282
640	848
640	663
640	1047
640	1373
640	2725
640	733
640	1159
640	945
640	2918
640	347
640	2813
640	1058
623	2261
623	1537
623	508
623	1364
623	10
623	1733
623	3370
623	528
623	924
623	294
623	550
59	42
59	325
59	673
59	418
59	1966
59	90
59	524
59	3587
59	2389
59	3789
59	1605
59	464
59	472
59	3913
59	3911
59	3508
59	30
59	3118
59	3124
59	581
59	2918
59	276
59	1658
59	3511
59	819
59	453
59	1678
59	1709
59	1680
59	0
59	1481
59	1162
59	2535
59	258
59	1826
59	4004
59	2960
59	1109
59	114
59	287
59	629
59	1675
59	844
59	92
59	107
59	1602
176	42
176	673
176	418
176	90
176	490
176	489
176	312
176	2540
176	3789
176	1187
176	1389
176	30
176	2557
176	541
176	50
176	230
176	381
176	5
176	1162
176	1620
176	1826
176	4216
176	1999
176	3956
37	138
37	1171
37	2831
37	1362
37	1506
37	1228
37	177
37	1637
37	1189
37	34
37	168
37	2832
37	2516
37	2366
37	1196
37	1204
37	964
309	24
309	145
309	1683
309	1158
309	1522
309	92
309	107
233	63
233	200
233	943
233	1522
708	504
708	1546
708	34
708	324
708	2960
549	303
88	878
88	2119
88	1007
88	1111
930	2261
930	10
822	130
1007	1797
1007	85
1007	346
1007	400
1007	82
1007	522
816	2304
816	782
816	922
816	898
816	282
816	999
816	2093
816	554
816	2997
816	848
816	1763
816	90
816	2261
816	29
816	694
816	992
816	1047
816	63
816	456
816	1447
816	240
816	146
816	112
816	628
816	330
816	1240
816	1098
816	812
816	1406
816	1034
816	733
816	624
816	630
816	245
816	2941
816	804
816	340
816	1159
816	945
816	936
816	831
816	2918
816	871
816	3434
816	411
816	48
816	91
816	764
816	293
816	3157
816	230
816	210
816	2097
816	3060
816	1073
816	1186
816	1647
816	899
816	365
47	365
47	510
47	145
47	464
47	472
47	2759
661	131
736	335
736	2781
362	365
362	74
362	145
756	377
756	3
756	994
756	1131
756	3702
268	510
268	609
268	2759
268	1257
268	265
883	115
883	1319
883	13
883	722
883	119
788	3823
788	1911
788	480
788	130
788	86
788	9
788	2114
788	670
788	63
788	456
788	1897
788	568
788	328
788	1138
788	145
788	170
788	55
788	1302
788	2723
788	288
788	132
788	116
788	85
788	245
788	793
788	2004
788	2009
788	2119
788	1007
788	1145
788	293
788	478
788	316
788	271
788	462
788	610
788	2769
788	768
788	2579
788	235
788	252
788	338
788	395
808	365
808	848
808	663
808	3726
808	1537
808	413
808	533
808	264
808	1733
808	3370
565	63
565	200
565	76
565	1683
565	629
565	1048
565	1063
565	943
565	958
130	623
130	1193
130	562
130	65
130	629
130	1048
130	1063
130	1074
130	34
130	1237
130	54
130	409
130	75
130	5
130	994
130	13
130	1287
130	2507
589	34
589	1237
589	827
589	2430
273	115
273	1319
273	320
273	1466
273	357
273	12
273	99
273	18
273	279
273	182
273	376
273	470
273	2461
273	83
273	166
273	262
273	1508
273	13
273	1070
273	299
273	226
273	266
273	2182
273	119
273	324
273	409
273	404
273	388
273	1787
273	211
273	667
273	157
273	2082
273	53
273	3067
273	629
273	92
273	107
651	1549
651	1373
651	2061
651	2059
651	2068
651	1406
651	2230
651	2685
651	2097
651	2086
651	630
651	1316
651	1417
651	1996
651	850
651	2703
651	1948
81	53
711	90
711	3412
711	3889
711	1574
711	1605
711	3277
711	361
361	34
361	1237
361	333
91	480
91	741
91	320
91	767
91	2576
91	1138
91	793
91	2119
91	1007
91	315
91	448
91	478
91	3527
91	610
53	1081
53	1196
53	1204
399	130
399	1833
399	988
399	377
399	365
399	123
399	690
399	3044
399	189
399	3500
399	2389
399	1714
399	110
399	74
399	255
399	145
399	55
399	445
399	1593
399	132
399	116
399	649
399	164
399	75
399	1853
399	362
399	1522
399	68
399	1131
399	3702
399	1351
399	905
399	2507
904	936
904	91
25	2940
25	351
25	350
25	511
25	539
25	3476
25	1016
25	1015
25	1479
25	212
25	3300
25	3247
25	1018
1162	74
1162	200
1162	145
1162	1522
1162	2490
1162	92
1162	107
142	1721
142	947
1024	547
1024	34
1024	1432
1024	189
786	24
786	189
786	3431
786	2114
786	3500
786	40
786	29
786	74
786	200
786	145
786	3734
786	445
786	1683
786	132
786	116
786	646
786	636
786	588
786	293
786	2507
786	3650
786	3651
786	431
786	2490
786	3805
786	1153
786	2202
786	55
786	92
786	107
215	510
215	1200
328	623
328	821
328	938
328	802
328	1964
328	1362
328	2159
328	3728
328	1768
328	1848
328	2389
328	41
328	279
328	1124
328	1228
328	34
328	551
328	518
328	2168
328	71
328	2698
328	153
328	1025
328	2170
328	939
328	3226
328	570
328	2754
328	1342
338	90
338	772
338	4216
44	85
44	2119
44	1007
44	82
44	1023
468	8
468	24
468	2261
468	76
468	1733
468	3370
468	21
468	4024
468	4025
205	324
103	3468
103	2093
103	554
103	3975
103	2061
103	2059
103	2068
103	1034
103	624
103	630
103	1316
103	1417
103	245
103	496
103	3469
103	114
103	2779
294	145
742	988
742	130
742	377
742	365
742	19
742	74
742	200
742	145
742	629
742	1048
742	1063
742	132
742	116
742	293
742	75
742	1522
742	2209
742	2490
742	1303
742	3766
742	114
742	905
742	2507
742	164
742	92
742	107
526	932
526	418
526	90
526	490
526	489
526	312
526	723
526	484
526	325
526	30
526	541
526	581
526	2918
526	1434
526	1621
526	819
526	453
526	381
526	1062
526	1162
526	1675
526	3124
526	92
526	107
743	325
743	90
743	30
743	2918
743	819
743	381
743	1162
743	92
743	107
852	90
852	1921
852	184
852	781
852	772
852	581
852	2918
852	50
852	1621
852	381
852	2701
852	2788
852	92
852	743
852	107
874	673
874	259
874	281
874	418
874	90
874	33
874	55
874	709
874	1389
874	30
874	541
874	50
874	381
874	0
874	1162
874	1004
874	2290
874	479
874	3956
874	92
874	107
276	673
276	984
276	1922
276	650
276	3373
276	90
276	490
276	489
276	312
276	2540
276	3789
276	3242
276	1187
276	659
276	1389
276	30
276	581
276	50
276	1434
276	381
276	1497
276	1503
276	1162
276	2788
276	1620
276	1826
276	4216
276	1999
276	3991
276	3956
276	92
276	107
276	1939
276	932
854	42
854	90
854	1921
854	2540
854	3242
854	3780
854	1389
854	30
854	581
854	50
854	381
854	1162
854	1826
854	2365
854	3956
854	92
854	107
750	42
750	932
750	90
750	490
750	489
750	312
750	227
750	723
750	325
750	2918
750	1621
750	819
750	381
750	1481
750	418
750	1062
750	92
750	107
235	42
235	673
235	1922
235	418
235	1110
235	650
235	3373
235	90
235	490
235	489
235	312
235	2540
235	1239
235	1505
235	505
235	887
235	1376
235	1187
235	3359
235	659
235	723
235	1389
235	1181
235	30
235	2557
235	3598
235	541
235	581
235	50
235	1678
235	1709
235	381
235	5
235	1605
235	1503
235	1162
235	2788
235	2365
235	2329
235	3956
235	92
235	107
235	1939
855	90
855	3789
855	1187
855	50
855	381
855	1162
855	1826
855	3956
855	92
855	107
798	90
798	3789
798	781
798	1187
798	1389
798	30
798	581
798	381
798	5
798	2610
798	2701
798	1162
798	1826
798	50
798	1004
798	743
798	3956
798	92
798	107
725	932
725	984
725	1922
725	650
725	90
725	490
725	489
725	312
725	1505
725	3789
725	76
725	1807
725	629
725	1048
725	1063
725	3242
725	263
725	1187
725	659
725	723
725	1389
725	325
725	30
725	581
725	2918
725	50
725	1621
725	819
725	381
725	1497
725	1503
725	418
725	1062
725	1162
725	2788
725	1602
725	1826
725	4216
725	92
725	107
725	1939
267	282
267	898
267	415
267	145
267	413
267	340
267	34
267	477
267	1567
267	886
267	822
267	836
267	1087
267	210
267	1707
267	3733
923	130
923	365
923	145
330	932
330	90
330	1921
330	76
330	723
330	581
330	2918
330	1621
330	772
330	2788
330	1461
330	1675
330	92
330	107
405	90
405	490
405	489
405	312
405	3789
405	723
405	325
405	2918
405	263
405	819
405	1678
405	1709
405	381
405	418
405	1062
405	92
405	107
236	627
236	189
236	328
236	255
236	145
236	828
236	914
236	3011
236	362
236	1055
236	473
236	162
164	365
164	524
164	2261
164	1537
164	76
164	1558
164	508
164	1364
164	10
164	1733
164	528
164	21
164	2489
164	265
164	857
164	924
164	294
164	550
40	262
40	2552
124	1549
124	1362
124	40
124	29
124	2061
124	2059
124	2068
124	1406
124	2628
124	3522
124	624
124	630
124	2702
124	1346
124	1948
260	2307
260	1601
260	115
260	1319
260	1134
260	119
558	1064
558	16
558	323
558	1413
558	306
558	265
359	90
359	3559
727	8
727	24
727	524
727	2261
727	580
727	992
727	1537
727	76
727	1558
727	10
727	1810
727	725
727	780
727	746
727	3370
727	1151
727	91
727	21
727	4024
727	4025
727	550
262	821
262	938
262	629
262	1048
262	1063
262	2107
262	85
262	470
262	2461
262	2662
262	82
262	13
262	338
262	292
262	2170
262	2405
262	115
262	211
262	304
406	2114
139	1355
139	63
139	200
139	1026
139	145
139	1880
139	943
139	3652
139	707
139	1145
139	324
139	1742
139	439
177	324
778	651
778	1894
778	90
778	598
778	1964
778	1362
778	482
778	383
778	76
778	676
778	384
778	411
778	3412
778	3889
778	1574
778	1252
778	2995
778	189
778	3277
858	1171
858	74
858	200
858	145
858	3821
858	1683
858	1158
858	107
858	1522
858	0
858	882
760	1593
283	1911
283	8
283	282
283	1236
283	354
283	43
283	2478
283	729
283	25
283	28
283	34
283	202
283	880
283	230
283	2567
283	1859
283	1404
283	1713
522	381
305	2889
305	120
305	673
305	1108
305	1966
305	90
305	524
305	3587
305	1073
305	490
305	489
305	312
305	2135
305	2389
305	33
305	359
305	3789
305	227
305	268
305	340
305	659
305	1389
305	30
305	772
305	2557
305	3598
305	541
305	581
305	50
305	1721
305	2692
305	1678
305	1709
305	381
305	1481
305	1162
305	2788
305	1602
305	1004
305	2885
305	92
305	3451
305	418
305	114
305	3189
305	629
305	3956
305	1530
305	844
305	107
290	334
290	1549
290	554
290	1253
290	3518
290	2061
290	2059
290	2068
290	539
290	624
290	630
290	1464
290	3138
290	245
290	709
290	4124
290	1948
290	683
290	4002
290	3027
290	1056
290	335
290	1946
290	2126
290	1641
290	2594
290	710
290	2853
290	3458
290	92
290	107
66	565
66	2033
66	272
66	115
66	1319
66	2624
66	626
66	1171
66	1057
66	3165
66	357
66	700
66	2389
66	299
66	174
66	110
66	1143
66	424
66	279
66	228
66	1124
66	1816
66	401
66	956
66	892
66	262
66	1638
66	13
66	338
66	292
66	722
66	0
66	92
66	1192
66	119
66	1901
66	1102
66	1088
66	559
66	319
66	1787
66	237
66	570
66	1140
66	233
66	2754
66	1283
66	416
66	1211
66	2170
66	1393
66	3391
66	1146
66	53
66	107
66	1083
66	803
66	631
116	24
116	10
116	528
116	21
116	857
116	924
116	294
116	550
780	42
780	287
780	973
780	977
780	418
780	650
780	1966
780	90
780	12
780	1921
780	2540
780	1505
780	3789
780	482
780	1807
780	3242
780	1786
780	659
780	723
780	1241
780	3780
780	261
780	1413
780	1389
780	325
780	30
780	581
780	1773
780	50
780	263
780	819
780	453
780	441
780	444
780	1497
780	1162
780	2788
780	1682
780	221
780	1826
780	375
780	2365
780	3559
780	1461
780	3956
780	1613
780	1043
780	2929
780	1939
171	115
171	1362
171	401
171	964
1153	580
1153	94
1153	4230
1153	10
1153	936
1153	411
1153	91
1153	265
1153	419
1156	29
1156	580
1156	94
1156	1546
1156	10
1156	411
1156	91
1156	992
1156	2941
1156	3737
562	2899
562	480
562	2248
562	614
562	199
562	25
562	28
562	1138
562	1302
562	2054
562	487
562	2400
562	707
562	763
562	488
562	475
562	701
562	741
562	1946
562	2579
562	46
821	2529
821	2617
821	1816
821	2119
821	1007
821	275
821	2461
821	1206
821	722
821	1102
821	1088
821	1085
821	115
821	1342
821	1211
821	1124
694	1128
694	139
694	99
694	19
694	1362
694	2159
694	3728
694	1768
694	85
694	313
694	368
694	404
694	2188
694	376
694	2168
694	83
694	54
694	1206
694	1525
694	324
694	409
694	388
694	1485
694	1836
694	23
694	97
336	320
336	554
336	18
336	145
336	1292
336	1100
336	547
336	34
336	470
336	1842
336	1522
336	333
336	211
336	13
336	557
336	55
478	988
478	130
478	1760
478	123
478	1171
478	25
478	28
478	445
478	228
478	132
478	116
478	709
478	293
478	137
478	68
478	2440
478	142
478	495
478	1164
478	2950
478	627
373	115
373	1319
373	1362
373	119
373	3226
373	2159
99	651
99	1894
99	641
99	643
99	90
99	3830
99	1406
99	1241
99	10
99	3889
99	1574
99	3486
99	1605
99	221
99	4127
99	245
99	698
99	2574
99	3277
184	864
184	545
184	12
184	1362
184	41
184	65
184	310
184	223
184	1786
184	1067
184	85
184	709
184	470
184	3874
184	2461
184	816
184	82
184	1111
184	803
146	36
146	12
146	41
146	34
146	1237
866	12
866	460
19	973
19	977
19	17
19	922
19	554
19	663
19	456
19	2398
19	25
19	28
19	1683
19	791
19	1228
19	245
19	515
19	1042
19	1602
19	301
19	762
19	114
591	138
591	1189
591	34
591	168
591	2832
591	321
629	1080
629	2564
629	1105
300	820
300	977
300	334
300	1549
300	2924
300	554
300	917
300	110
300	2061
300	2059
300	2068
300	1406
300	2628
300	2685
300	2097
300	2086
300	624
300	630
300	2702
300	2935
300	2927
300	15
300	1316
300	1417
300	245
300	943
300	709
300	4124
300	732
300	2864
300	3464
300	2515
300	1641
300	3027
300	1946
300	2853
300	92
300	107
231	8
231	24
231	524
231	2261
231	1537
231	76
231	3370
231	21
231	4024
231	4025
231	550
920	196
920	322
920	422
920	411
920	3061
920	335
920	23
920	97
871	24
871	331
871	2248
871	1897
871	2296
871	288
871	34
871	1529
871	321
871	189
805	2831
805	860
805	33
805	2318
805	2314
805	1228
805	1637
805	1189
805	1117
805	2516
805	293
805	164
805	1863
805	2737
805	747
93	287
93	1043
1053	17
1053	2761
466	870
466	17
466	1995
466	2487
466	327
466	110
466	2243
466	420
466	107
466	48
466	1866
466	3348
466	2528
466	2761
466	1023
751	821
751	938
751	1124
751	357
751	424
751	470
313	91
816	252
816	1178
816	17
816	835
816	2447
816	460
816	4201
816	1110
816	2996
816	270
816	160
816	1180
816	580
816	1236
816	551
816	484
816	2608
816	231
816	1537
816	1506
816	1315
816	76
816	1546
816	413
816	2725
816	1558
816	2071
816	1591
816	3231
816	1683
816	39
816	1271
816	2406
816	1228
816	676
816	644
816	85
816	943
816	792
816	707
816	646
816	636
816	901
816	1651
816	1733
816	1257
816	1151
816	836
816	648
816	306
816	1235
816	920
816	256
816	1820
816	1349
816	21
816	1673
816	82
816	347
816	2810
816	2813
816	281
816	3263
816	3255
816	137
816	2498
816	2437
816	2438
816	321
816	3266
816	655
816	1585
816	807
816	1450
816	265
816	1378
816	3752
816	661
816	737
816	1191
816	3046
816	3733
38	320
38	2617
38	470
38	338
38	292
38	2170
38	2182
38	211
38	13
38	557
38	2164
38	337
289	36
920	554
524	115
524	1319
524	3183
524	811
524	1362
524	33
524	413
524	279
524	1189
524	1067
524	2342
524	2099
524	2346
524	1735
524	470
524	1205
524	889
524	168
524	2168
524	2662
524	409
524	210
524	13
524	333
524	722
524	119
524	2133
524	3226
524	53
731	1911
731	554
731	200
731	25
731	28
731	2793
731	2794
731	2060
731	145
731	3734
731	1292
731	229
731	1388
731	2968
731	189
731	582
731	55
731	2507
731	92
731	107
731	631
345	898
345	282
345	3156
345	333
345	90
345	154
345	551
345	415
345	955
345	33
345	112
345	2456
345	55
345	413
345	2153
345	2113
345	629
345	1048
345	1063
345	340
345	777
345	34
345	1237
345	107
345	2918
345	836
345	1087
345	306
345	82
345	5
345	210
345	893
345	549
345	0
345	853
345	1875
345	1196
345	1204
345	2133
345	278
345	886
345	92
345	1777
345	1880
345	460
345	3733
269	650
269	90
269	659
269	30
269	660
269	1497
269	1004
269	92
269	107
508	1273
508	1258
508	2411
572	90
572	1605
572	792
572	2092
572	629
572	92
572	107
71	91
545	898
545	282
545	340
545	34
1027	413
1027	34
1027	2071
202	123
202	74
202	200
202	1853
882	554
882	34
882	1237
148	130
148	1833
148	545
148	3156
148	333
148	1294
148	860
148	2802
148	2045
148	1288
148	76
148	145
148	228
148	132
148	116
148	313
148	368
148	182
148	1900
148	293
148	956
148	1835
148	882
148	68
148	930
148	226
148	266
148	2133
148	50
148	582
148	2408
148	105
148	629
148	2950
148	627
148	631
165	130
165	1833
165	377
165	123
165	690
165	1294
165	2324
165	145
165	55
165	649
165	164
165	1522
165	1835
165	0
165	3702
165	189
165	1896
165	6
165	13
165	2507
165	627
699	8
699	24
699	294
699	264
699	2261
699	1537
699	76
699	1263
699	10
699	528
699	21
699	1007
699	4024
699	4025
699	721
699	924
699	857
244	510
244	1200
244	895
244	549
244	1105
244	237
244	1045
626	300
626	132
626	116
626	493
626	495
626	75
626	1164
626	4155
626	627
113	377
113	553
113	926
113	510
113	110
113	76
113	445
113	228
113	132
113	116
113	107
113	48
113	994
113	1843
113	2027
113	1312
113	959
113	13
113	1979
113	570
113	1960
113	3
113	905
113	3304
113	629
113	844
113	92
113	74
520	2307
520	1601
520	18
520	85
520	404
520	82
520	41
520	3091
141	973
141	977
141	565
141	821
141	938
141	431
141	1362
141	3728
141	1768
141	2389
141	41
141	1143
141	310
141	279
141	733
141	1124
141	707
141	470
141	2168
141	137
141	153
141	381
141	0
141	333
141	1035
141	2627
141	2752
141	939
141	566
141	570
141	2754
141	211
141	13
141	114
141	2159
141	213
825	1549
825	554
825	3164
825	1253
825	76
825	629
825	1048
825	1063
825	3138
825	85
825	245
825	1948
825	82
825	364
825	1452
825	3588
825	335
825	857
825	1641
825	2781
825	2291
477	554
477	545
477	85
477	82
477	2292
775	252
775	11
775	424
775	85
775	2119
775	1007
775	82
775	333
775	1955
775	1958
775	1747
775	112
775	235
775	92
775	107
533	2033
533	1171
533	3165
533	416
551	510
551	629
551	1048
551	1063
551	2759
551	189
551	1879
1122	1124
326	1109
326	1081
326	545
326	357
326	2318
326	2314
326	1034
326	464
326	472
326	82
326	558
326	1196
326	1204
326	2876
347	130
347	1956
347	2635
347	189
347	3500
347	551
347	74
347	255
347	145
347	55
347	132
347	116
347	326
347	1522
347	163
347	1007
347	1244
347	2415
347	2411
347	2989
745	2307
745	1601
745	115
745	821
745	938
745	545
745	562
745	357
745	1124
745	580
745	299
745	174
745	200
745	806
745	10
745	470
745	401
745	2941
745	119
745	570
745	114
745	53
245	565
245	115
245	821
245	938
245	811
245	85
245	34
245	470
245	48
245	82
245	13
245	1072
245	211
979	424
979	2119
979	1007
979	99
979	1155
979	3946
979	153
391	365
391	47
391	817
735	1894
735	598
735	1434
735	3412
735	3889
735	1574
735	3486
735	3277
945	1948
945	2853
653	1588
653	1196
653	1204
653	1238
371	320
371	90
371	40
371	29
371	2681
371	1605
371	629
371	1048
371	1063
371	114
371	2742
371	1602
706	2261
74	475
74	2321
471	2261
471	10
827	2326
827	2321
827	2327
425	41
425	333
425	1842
51	287
51	1617
51	90
51	524
51	1921
51	1059
51	1044
51	3830
51	1179
51	3789
51	881
51	76
51	1443
51	3854
51	1187
51	723
51	325
51	30
51	581
51	2918
51	276
51	1658
51	1621
51	3511
51	2662
51	507
51	819
51	453
51	1680
51	5
51	0
51	1162
51	2788
51	1602
51	1826
51	3044
51	1678
51	92
51	107
801	53
785	245
785	335
916	1549
916	545
916	1100
916	90
916	403
916	1143
916	1302
916	413
916	3731
916	97
916	429
916	3290
916	2553
916	10
916	746
916	230
916	163
916	1264
916	386
916	441
916	23
916	3016
916	447
916	46
155	146
155	1721
155	4204
348	1362
348	1768
701	222
701	266
701	327
701	554
701	2045
701	350
701	351
701	330
701	138
701	3712
701	2063
701	212
701	34
701	2516
701	22
701	210
701	171
701	3711
701	342
701	3465
701	679
469	898
469	282
469	340
469	34
469	189
469	3733
487	973
487	977
487	334
487	2093
487	554
487	2061
487	2059
487	2068
487	76
487	1406
487	3522
487	624
487	630
487	245
487	138
487	709
487	3200
487	0
487	2522
487	496
487	3027
487	335
487	1948
487	92
487	107
487	1049
487	1056
225	90
225	40
225	29
225	704
225	868
225	482
225	383
225	1315
225	34
225	1432
225	10
225	1605
225	532
225	321
593	613
593	611
593	1911
593	864
593	8
593	24
593	174
593	767
593	86
593	9
593	391
593	154
593	12
593	99
593	354
593	808
593	874
593	299
593	33
593	729
593	199
593	568
593	41
593	43
593	25
593	28
593	868
593	2060
593	76
593	781
593	223
593	629
593	1048
593	1063
593	2973
593	245
593	496
593	202
593	107
593	401
593	880
593	306
593	137
593	230
593	21
593	82
593	2478
593	13
593	345
593	2032
593	388
593	316
593	1713
593	3645
593	6
593	114
593	145
593	2742
593	1859
593	551
593	92
593	1512
605	1362
605	2159
663	130
663	189
663	3500
663	323
663	74
663	255
663	145
663	55
663	132
663	116
663	1522
674	627
674	189
674	2114
674	601
674	110
674	328
674	255
674	828
674	914
674	768
674	303
674	792
674	363
674	362
674	1496
674	1055
674	473
674	162
674	92
674	107
674	2950
506	145
506	3734
335	898
335	282
335	340
335	34
514	1081
514	320
514	554
514	36
514	41
514	55
514	1200
514	1637
514	700
514	34
514	1237
514	738
514	47
514	1601
514	1645
514	333
514	21
514	1196
514	1204
514	185
514	873
514	754
514	6
514	906
514	2417
514	827
514	2303
514	1555
514	2310
514	1124
514	2430
514	952
514	831
514	933
606	1537
606	76
606	10
606	1733
606	528
606	21
606	1281
606	1577
606	857
606	924
606	294
606	550
802	196
802	551
802	3061
802	335
802	1554
802	2411
748	403
748	186
748	326
748	2882
748	731
784	377
784	123
784	690
784	926
784	1714
784	110
784	132
784	116
784	649
784	3
784	1853
784	994
784	882
784	1131
784	1896
784	678
132	42
132	1822
132	650
132	90
132	94
132	1921
132	1447
132	375
132	1807
132	3242
132	1187
132	659
132	723
132	1614
132	325
132	30
132	581
132	50
132	263
132	91
132	819
132	230
132	381
132	1497
132	2788
132	92
132	107
48	973
48	977
48	554
48	651
48	3671
48	641
48	643
48	90
48	1604
48	598
48	239
48	1605
48	676
48	709
48	1389
48	30
48	3889
48	1574
48	3486
48	381
48	3180
48	2524
48	2485
48	2574
48	3277
48	92
48	107
48	1569
716	651
716	90
716	1604
716	1921
716	1187
716	50
716	381
716	2524
697	1406
697	2628
697	624
697	630
697	245
697	92
697	107
418	2304
418	1186
369	470
369	92
369	107
793	2188
793	1134
793	3451
793	629
400	91
36	365
36	1993
36	1537
36	1733
881	53
681	580
681	936
681	91
152	413
311	4008
311	554
311	308
311	552
311	1337
311	286
311	2153
311	2113
311	3027
311	2126
311	2474
258	1128
258	841
258	115
258	3262
258	139
258	357
258	99
258	700
258	19
258	299
258	174
258	41
258	279
258	1683
258	629
258	1048
258	1063
258	1124
258	85
258	313
258	368
258	1816
258	404
258	1215
258	2188
258	376
258	1145
258	892
258	83
258	306
258	1208
258	82
258	204
258	54
258	13
258	338
258	292
258	1206
258	258
258	722
258	226
258	266
258	1192
258	119
258	1901
258	1102
258	1088
258	324
258	409
258	559
258	319
258	388
258	271
258	570
258	233
258	2754
258	1342
258	1836
258	2429
258	1211
258	23
258	97
258	114
258	938
258	1146
258	53
258	235
258	252
258	92
258	107
776	1549
776	742
776	245
776	1937
776	1739
776	291
776	3656
776	210
776	3967
776	735
369	130
369	3391
369	562
369	628
369	76
369	768
369	2461
369	1048
369	193
369	496
369	1281
369	964
536	91
420	1781
420	53
439	898
439	282
439	1110
439	415
439	413
439	253
439	1200
439	340
439	34
439	836
439	920
439	75
439	210
439	783
281	2411
281	554
281	335
281	2781
281	2291
1158	365
1158	580
1158	94
1158	510
1158	1537
1158	76
1158	1001
1158	533
1158	10
1158	264
1158	91
1158	528
1158	324
1158	1531
1158	1533
1158	1733
1158	924
1158	294
1158	550
713	2307
713	1601
713	1760
713	545
713	2785
713	627
713	189
713	110
713	328
713	255
713	145
713	768
713	629
713	1048
713	1063
713	1887
713	3011
713	132
713	116
713	943
713	362
713	1055
713	3617
713	1207
33	115
33	357
33	629
33	1048
33	1063
33	1816
33	1206
33	722
33	1102
33	1088
33	1085
33	1211
33	1124
33	92
33	107
29	17
29	1669
29	1362
29	2398
632	365
632	47
632	464
632	472
632	817
632	1109
298	973
298	977
298	90
298	2928
298	1370
298	359
298	30
298	1387
298	1605
298	3328
523	1483
523	541
523	381
275	74
275	200
275	145
275	3821
275	55
275	707
275	646
275	636
275	3650
275	3651
275	1522
275	92
275	582
275	1153
275	2202
275	629
275	2507
275	463
275	844
275	164
275	107
961	90
424	1127
424	999
424	90
424	551
424	63
424	74
424	200
424	76
424	145
424	420
424	249
424	1683
424	1388
424	943
424	122
424	958
424	2737
424	92
424	439
424	2440
424	733
424	844
424	107
643	167
643	189
643	99
643	1362
643	240
643	299
643	174
643	76
643	547
643	34
643	792
643	1432
643	1456
643	648
643	163
643	1964
643	2159
643	92
643	107
643	213
408	2033
648	973
648	977
648	651
648	2928
648	2921
648	245
648	1387
648	1318
648	1605
648	3328
648	4036
648	879
648	2923
648	2742
648	3323
238	2307
238	1601
238	334
238	1549
238	554
238	3164
238	545
238	2061
238	2059
238	2068
238	76
238	624
238	630
238	3138
238	30
238	107
238	137
238	3927
238	92
238	3588
238	245
238	2709
238	3027
238	2851
238	366
238	1641
238	479
238	1157
238	496
238	1948
238	844
1091	707
820	108
820	155
820	627
820	189
820	2389
820	328
820	255
820	828
820	914
820	768
820	132
820	116
820	792
820	363
820	162
820	1055
820	3107
820	473
504	4218
504	673
504	932
504	1108
504	524
504	90
504	1073
504	3688
504	992
504	94
504	1921
504	826
504	375
504	1807
504	227
504	1558
504	1240
504	1187
504	1241
504	1389
504	581
504	411
504	50
504	91
504	1434
504	542
504	660
504	1740
504	37
504	381
504	732
504	1497
504	5
504	2015
504	3324
504	2788
504	2684
504	935
504	4211
504	2329
504	2878
504	2263
504	92
504	107
732	189
732	2114
732	310
732	602
70	562
70	189
70	3431
70	2114
70	859
70	310
70	229
70	1683
70	303
70	588
70	363
70	366
70	2419
693	189
693	3431
693	2114
693	601
693	310
693	602
693	1683
693	303
693	363
693	366
693	2419
693	1868
658	189
658	2114
658	310
658	602
658	303
658	363
658	2419
634	377
634	112
634	464
634	472
634	202
634	6
634	1238
566	554
566	430
566	85
566	82
566	2292
210	932
210	3572
210	651
210	90
210	1604
210	2921
210	2922
210	3412
210	3889
210	1574
210	1252
210	3486
210	3277
555	36
555	1523
660	145
1030	580
1030	992
1030	94
1030	2941
1030	10
1030	936
1030	91
284	470
284	3874
284	2461
284	1208
284	338
284	292
284	577
284	211
284	13
476	90
1146	2071
1146	1591
1146	1080
1146	2604
1146	2564
1146	1105
1146	427
1146	1045
1128	1074
1128	168
1128	853
840	3259
840	63
840	200
840	145
840	1292
840	55
840	424
840	3652
840	293
840	164
840	2507
840	3650
840	3651
840	1522
840	439
840	1753
840	92
840	107
646	545
646	3259
646	63
646	200
646	687
646	145
646	1880
646	943
646	303
646	3652
646	707
646	293
646	1522
646	1982
646	1980
646	324
646	431
646	1742
646	439
646	1145
646	1024
461	29
461	94
461	936
461	411
461	91
461	2941
461	412
488	63
488	200
488	145
488	1880
488	943
153	1378
153	554
153	848
153	132
153	116
153	34
153	1237
153	210
153	853
153	1875
153	324
153	2417
897	898
897	282
897	2406
897	733
897	3559
649	1000
649	554
649	1406
649	2086
649	1464
649	245
649	0
649	3167
649	2032
649	3027
649	1641
649	1948
649	92
649	107
322	3983
322	2307
322	1601
322	115
322	365
322	110
322	85
322	806
322	10
322	470
322	91
322	82
322	13
322	1134
322	119
322	2489
322	569
334	108
334	377
334	623
334	2635
334	47
334	294
334	264
334	3587
334	490
334	489
334	312
334	12
334	1232
334	2135
334	19
334	1239
334	1179
334	1261
334	18
334	1779
334	1537
334	83
334	55
334	112
334	1273
334	1258
334	279
334	1637
334	1080
334	85
334	34
334	792
334	202
334	106
334	946
334	168
334	164
334	409
334	141
334	143
334	82
334	423
334	779
334	853
334	1875
334	68
334	736
334	2564
334	1105
334	177
334	1007
334	857
334	6
334	427
334	1238
334	1023
334	924
683	282
683	898
683	977
683	120
683	1110
683	294
683	264
683	160
683	1983
683	415
683	504
683	33
683	41
683	25
683	28
683	413
683	268
683	340
683	733
683	168
683	85
683	547
683	723
683	34
683	1237
683	1735
683	1567
683	836
683	1087
683	920
683	256
683	738
683	230
683	3733
683	333
683	226
683	266
683	324
683	571
683	578
683	1882
683	582
683	3397
683	1555
683	227
683	92
683	107
493	357
114	377
114	490
114	489
114	312
114	94
114	874
114	1422
114	1188
114	65
114	752
114	383
114	1558
114	132
114	116
114	34
114	1432
114	10
114	1810
114	725
114	780
114	746
114	1698
114	361
114	1678
114	1709
114	994
114	1037
114	68
114	324
114	321
114	13
114	571
114	578
114	2302
769	377
769	1549
769	139
769	112
769	110
769	200
769	2230
769	2685
769	2097
769	2086
769	630
769	132
769	116
772	554
772	2230
772	624
772	630
772	923
772	1360
772	2515
772	2851
772	3027
772	2853
250	2307
250	1601
250	357
250	1124
250	572
250	275
250	1070
511	1127
511	189
511	63
511	460
511	200
511	76
511	145
511	267
511	3652
511	707
511	1522
511	324
511	1742
511	439
511	3091
511	1153
511	2507
72	973
72	977
72	1605
72	258
72	1884
154	2447
154	460
154	898
154	282
154	1110
154	848
154	705
154	1983
154	63
154	351
154	350
154	413
154	120
154	653
154	340
154	34
154	836
154	1087
154	1235
154	920
154	256
154	415
154	1882
154	114
157	365
157	47
157	294
157	264
157	510
157	1537
157	76
157	464
157	472
157	508
157	1364
157	817
157	528
157	1733
157	924
667	988
667	130
667	2114
667	3500
667	74
667	687
667	145
667	1683
667	629
667	1048
667	1063
667	646
667	636
667	1522
667	2840
667	189
667	3514
667	92
667	3334
667	2202
667	107
481	1355
481	554
481	431
481	12
481	19
481	3470
481	110
481	624
481	630
481	3138
481	709
481	127
481	245
481	3027
481	2851
481	2850
481	2852
481	2126
481	1641
481	2294
481	2291
481	2620
824	115
824	299
824	174
824	1124
824	1215
824	892
824	13
824	1192
824	1901
824	559
824	319
824	570
824	233
824	2754
824	1146
824	53
473	189
607	554
607	90
607	189
607	2061
607	2059
607	2068
607	1605
607	1406
607	791
607	1721
607	230
607	363
607	301
607	419
607	202
690	47
690	1193
690	1097
690	65
690	623
690	200
690	1414
690	1363
690	3
690	1131
690	1163
1130	130
1130	1833
1130	988
1130	2785
1130	200
1130	1943
1130	106
1130	882
1130	68
1130	627
106	145
761	973
761	977
761	1462
761	3572
761	656
761	651
761	90
761	598
761	33
761	2921
761	629
761	1048
761	1063
761	1034
761	676
761	2980
761	1434
761	3412
761	3889
761	1574
761	1252
761	3486
761	1349
761	1605
761	2675
761	2672
761	2524
761	2485
761	3912
761	2888
761	3560
761	641
761	2574
761	3277
761	92
761	107
807	510
807	1074
666	3572
666	651
666	3671
666	1894
666	656
666	90
666	2921
666	676
666	2980
666	411
666	3412
666	3889
666	1574
666	3486
666	2995
666	3277
652	222
652	266
652	898
652	282
652	1802
652	1110
652	154
652	415
652	231
652	460
652	413
652	120
652	340
652	34
652	1237
652	1361
652	836
652	1087
652	306
652	1235
652	920
652	886
652	278
652	1882
652	1777
254	2261
254	25
254	28
254	413
254	1596
254	34
254	1237
254	210
254	907
254	718
254	2310
588	365
588	2261
588	413
352	130
352	365
352	200
352	145
352	92
352	107
340	562
340	391
340	12
340	752
340	2643
340	833
340	629
340	1048
340	1063
340	561
340	1023
340	558
437	90
437	2045
437	2681
437	2809
437	1605
437	413
437	629
437	1048
437	1063
437	792
437	1276
437	732
437	4082
437	685
437	2680
437	1058
437	1984
437	844
437	1602
321	821
321	938
321	415
321	1362
321	2119
321	1007
321	107
321	0
321	1737
321	939
321	1342
321	2159
321	92
243	2432
243	90
243	354
243	43
243	874
243	729
243	11
243	202
243	880
243	230
243	2478
243	1713
393	365
393	2759
393	1779
714	4201
714	898
714	282
714	977
714	1992
714	1034
714	245
714	34
714	50
714	306
714	1195
714	980
714	321
714	222
714	2092
714	92
714	242
714	114
714	107
650	1549
650	554
650	1880
650	1100
650	245
650	0
650	2092
650	3588
650	629
650	92
650	107
2	89
2	245
2	2039
2	179
2	335
2	2781
796	2759
721	2261
870	115
870	821
870	938
870	554
870	85
870	547
870	34
870	568
870	10
870	470
870	2461
870	2698
870	82
870	119
870	324
870	53
901	42
901	650
901	90
901	1921
901	1505
901	1288
901	1807
901	843
901	887
901	1376
901	659
901	723
901	1241
901	325
901	30
901	581
901	50
901	263
901	660
901	819
901	453
901	1497
901	375
901	1939
354	673
354	90
354	1347
354	659
354	30
354	381
354	2441
354	2442
354	189
354	2920
447	130
447	24
447	36
447	189
447	3500
447	74
447	200
447	255
447	145
447	3821
447	55
447	445
447	132
447	116
447	707
447	1158
447	107
447	1414
447	3650
447	3651
447	1522
447	994
447	0
447	68
447	2490
447	164
447	92
447	627
346	3823
346	480
346	670
346	1302
346	85
346	245
346	2119
346	1007
346	448
346	409
346	1118
346	805
346	2029
346	478
346	798
346	54
346	1965
628	673
628	90
628	490
628	489
628	312
628	381
794	17
794	2093
794	2061
794	2059
794	2068
528	12
528	2725
528	629
528	92
528	107
248	1537
248	76
248	1596
248	10
248	1733
248	91
248	528
248	2489
248	924
248	294
248	857
41	115
41	1319
41	213
41	2168
41	1070
41	119
41	53
410	36
410	2114
410	3500
410	74
410	76
410	145
410	1683
410	132
410	116
410	646
410	636
410	293
410	1522
410	1982
410	1980
410	189
73	130
73	988
73	1760
73	545
73	2785
73	627
73	189
73	328
73	255
73	145
73	828
73	914
73	768
73	445
73	629
73	1048
73	1063
73	1887
73	3011
73	132
73	116
73	943
73	293
73	362
73	3755
73	1055
73	3617
73	473
73	162
73	474
213	365
213	821
213	938
213	2389
213	1034
213	464
213	472
213	3874
213	2461
213	13
213	119
213	416
1034	932
1034	5
598	115
598	320
598	821
598	938
598	1124
598	357
598	279
598	840
598	951
598	1192
598	299
598	1342
384	3428
384	90
384	12
384	3432
396	3734
396	1522
601	2447
601	460
601	898
601	282
601	33
601	340
601	34
601	202
601	886
601	822
601	836
601	415
601	2120
601	1110
601	3733
356	480
356	1549
356	554
356	1337
356	415
356	2249
356	2248
356	110
356	413
356	629
356	1048
356	1063
356	1100
356	339
356	132
356	116
356	34
356	98
356	707
356	293
356	71
356	1071
356	475
356	22
356	333
356	3167
356	321
356	3593
356	3588
356	419
356	741
356	23
356	97
356	2895
356	447
356	46
356	1945
356	603
96	2261
96	2229
497	33
497	34
497	738
497	415
497	189
179	90
179	3559
179	1602
173	973
173	977
173	337
173	1549
173	875
173	2249
173	1998
173	363
173	335
173	2781
173	2895
173	3170
173	3167
173	2291
515	898
515	282
515	112
515	413
515	268
515	340
515	132
515	116
515	34
515	293
515	3733
676	1549
676	554
676	551
676	33
676	1464
676	1316
676	1417
676	989
676	107
676	1948
676	2853
676	92
677	2033
677	3165
677	1362
677	1189
677	547
677	2814
677	2816
677	2119
677	1007
677	416
247	759
247	36
247	12
247	34
247	792
247	853
247	1875
247	944
247	1555
247	92
247	107
189	115
189	1319
189	119
87	196
87	270
87	848
87	663
87	12
87	413
87	2725
87	454
87	3648
87	258
516	365
516	47
516	418
516	19
516	404
516	817
516	871
516	1721
516	423
516	980
516	1036
516	492
516	409
516	1641
156	1928
156	562
156	189
156	3431
156	2114
156	859
156	2389
156	310
156	76
156	602
156	132
156	116
156	303
156	363
156	1863
156	2419
158	827
158	34
158	1237
158	1091
158	1196
158	1204
158	2303
158	1555
158	2430
223	1362
223	324
327	282
327	4201
327	898
327	334
327	1549
327	2924
327	554
327	1253
327	3518
327	2061
327	2059
327	2068
327	703
327	1406
327	3522
327	2230
327	624
327	630
327	676
327	2226
327	245
327	4124
327	936
327	1354
327	2097
327	2515
327	2291
327	4125
327	2126
327	1641
327	114
327	3733
319	3321
319	580
319	936
319	815
319	1354
319	882
319	361
77	63
77	200
77	145
77	1880
77	943
620	145
620	1292
175	25
175	28
175	475
175	2321
175	2327
222	320
222	545
222	926
222	213
222	2324
222	2617
222	470
222	994
222	338
222	292
222	2170
222	2182
222	138
222	964
222	211
222	13
222	557
222	2164
222	319
612	999
612	2093
612	29
612	1537
612	628
612	2725
612	3231
612	1683
612	1271
612	2406
612	1187
612	245
612	801
612	366
612	2941
612	30
612	534
612	107
612	3157
612	1820
612	1721
612	1673
612	2810
612	2437
612	2438
612	258
612	3283
612	226
612	439
612	114
612	2387
612	1370
612	661
1014	1549
1014	742
1014	245
1014	1937
1014	1739
1014	291
1014	3656
1014	210
1014	3967
1014	735
90	1842
815	337
815	365
815	554
815	90
815	189
815	729
815	112
815	200
815	43
815	145
815	1263
815	1074
815	1126
815	85
815	577
815	1349
815	82
815	333
815	1944
815	1955
815	1958
815	258
815	252
815	3504
815	2292
295	551
295	63
295	200
295	145
295	1683
295	629
295	1048
295	1063
295	943
295	707
295	1522
295	324
295	1742
295	439
104	130
104	377
104	123
104	189
104	3500
104	63
104	110
104	74
104	255
104	145
104	1292
104	515
104	55
104	1880
104	132
104	116
104	404
104	107
104	1414
104	293
104	164
104	649
104	333
104	960
104	882
104	68
104	6
104	1109
104	545
104	2570
584	42
584	673
584	932
584	2090
584	90
584	663
584	1347
584	1921
584	2540
584	482
584	112
584	542
584	3627
584	629
584	1048
584	1063
584	3242
584	1187
584	157
584	119
584	659
584	2362
584	1389
584	30
584	1257
584	50
584	1658
584	2380
584	3812
584	265
584	441
584	444
584	1162
584	221
584	2281
584	671
584	2365
584	1410
584	2141
584	743
584	1461
584	3956
654	1180
654	63
654	448
654	211
654	13
195	377
195	994
195	3
956	1124
723	554
723	651
723	1894
723	656
723	641
723	643
723	3889
723	1574
723	3486
723	444
723	1605
723	189
723	90
723	2574
723	3277
414	272
414	213
414	1362
414	722
414	115
414	557
414	754
414	53
63	113
63	189
63	55
63	424
63	2119
63	1007
63	6
63	1209
63	582
63	629
63	2507
527	1180
527	2114
527	963
527	310
527	462
80	200
80	994
80	1595
172	145
172	588
172	3650
172	3651
172	923
172	439
172	2507
188	130
188	115
188	320
188	86
188	9
188	357
188	99
188	700
188	299
188	174
188	110
188	1683
188	1124
188	132
188	116
188	892
188	13
188	1192
188	1901
188	559
188	319
188	570
188	233
188	2754
188	1146
188	53
188	1164
188	629
188	92
188	107
188	213
388	554
388	3458
792	2668
792	1549
792	554
792	1406
792	3522
792	2230
792	2685
792	2097
792	2086
792	624
792	630
792	1228
792	245
792	34
792	0
792	980
792	335
792	629
792	2291
792	1049
792	1056
764	1124
465	1081
465	2529
465	670
465	299
465	174
465	2617
465	2187
465	1284
465	213
465	401
465	1146
483	365
483	932
483	580
483	1537
483	533
483	936
483	1733
483	411
483	91
483	265
483	52
483	1410
483	1074
483	263
483	1043
257	365
257	47
257	1537
257	1733
257	233
257	550
128	115
128	365
128	554
128	848
128	391
128	154
128	36
128	12
128	213
128	19
128	2389
128	110
128	1943
128	106
128	1200
128	132
128	116
128	85
128	34
128	1237
128	2119
128	1007
128	82
128	338
128	292
128	79
128	1875
128	958
128	1192
128	1196
128	1204
128	185
128	1281
128	455
128	827
128	2580
128	2417
128	1641
128	2433
128	53
128	1555
128	92
128	107
128	210
68	42
68	932
68	418
68	90
68	3587
68	2540
68	267
68	1880
68	30
68	581
68	1773
68	263
68	0
68	1481
68	1602
68	1826
68	287
68	2920
68	629
68	3956
68	1675
68	92
68	107
214	90
214	580
214	94
214	3206
214	826
214	375
214	1092
214	1377
214	1418
214	1807
214	1558
214	936
214	2017
214	2018
214	91
214	1434
214	230
214	5
214	295
214	329
214	4233
214	1602
664	554
664	917
664	3202
664	2676
252	898
252	282
252	340
791	130
791	115
791	377
791	189
791	3500
791	41
791	74
791	255
791	145
791	515
791	55
791	132
791	116
791	34
791	164
791	409
791	333
791	305
534	34
977	2307
977	1601
977	1134
977	1196
977	1204
774	55
774	1363
774	1134
774	1196
774	1204
774	713
774	582
432	2307
432	1601
432	827
1015	294
1015	264
1015	2261
1015	1537
1015	76
1015	635
1015	182
608	3156
608	333
608	2133
453	2114
453	310
453	363
453	189
453	2419
749	700
749	299
749	174
749	1124
749	892
749	13
749	1192
749	1901
749	559
749	319
749	570
749	357
749	233
749	2754
749	1146
749	53
69	1605
641	90
641	2643
641	833
641	2071
641	1378
869	430
869	252
869	1588
869	131
869	2661
869	1459
82	973
82	977
82	90
82	40
82	29
82	850
368	130
368	1760
368	145
728	130
728	1833
728	988
728	300
728	627
728	1294
728	189
728	3500
728	112
728	74
728	255
728	145
728	3734
728	55
728	1880
728	132
728	116
728	34
728	107
728	293
728	75
728	1522
728	1835
728	119
728	629
728	299
728	142
728	27
728	2507
728	164
728	92
401	2781
203	1899
203	956
203	3742
211	145
893	115
893	320
893	1362
893	3728
893	279
893	401
893	119
893	2433
893	53
427	42
427	24
427	222
427	266
427	365
427	1483
427	90
427	490
427	489
427	312
427	484
427	40
427	29
427	792
427	10
427	3598
427	541
427	1231
427	381
427	21
427	33
450	130
450	1833
450	627
450	1294
450	1422
450	200
450	752
450	145
450	55
450	1683
450	1943
450	106
450	132
450	116
450	34
450	293
450	164
450	2507
450	75
450	960
450	68
450	958
450	119
450	324
450	114
450	2341
344	354
344	874
344	729
344	43
344	76
344	880
344	230
344	92
344	107
344	3046
444	480
444	2248
444	1071
444	475
444	3167
444	1945
687	2635
687	1966
687	90
687	490
687	489
687	312
687	184
687	3789
687	325
687	454
687	772
687	3598
687	541
687	1658
687	381
687	1602
687	359
687	2135
687	660
687	505
687	4048
687	1530
185	767
185	614
185	2536
185	303
185	707
185	1658
185	1071
307	1124
307	1218
307	1070
582	189
582	3431
582	2114
582	310
582	1683
582	303
582	588
582	363
582	3275
582	366
582	2419
582	627
386	651
386	90
386	1703
759	42
759	673
759	932
759	320
759	259
759	281
759	418
759	650
759	1966
759	90
759	524
759	3587
759	1073
759	490
759	489
759	312
759	3789
759	76
759	1807
759	227
759	1880
759	1546
759	30
759	772
759	2017
759	2018
759	920
759	381
759	1497
759	0
759	1481
759	1602
759	1665
759	2885
759	189
759	1826
759	375
759	2960
759	3320
759	1793
759	287
759	3189
759	1678
759	1675
759	844
759	92
759	107
159	320
159	821
159	938
159	357
159	700
159	255
159	1517
159	670
159	470
159	3874
159	2461
159	204
159	13
159	119
159	878
159	939
159	416
159	1124
162	1911
162	90
162	354
162	43
162	250
162	729
162	235
162	11
162	629
162	1048
162	1063
162	85
162	202
162	880
162	230
162	82
162	2478
162	736
162	324
162	2105
162	1747
162	1713
162	25
162	1491
162	252
162	1630
574	554
574	85
574	82
574	2292
705	189
705	2114
705	303
705	363
705	114
766	324
50	365
50	90
50	36
50	299
50	174
50	33
50	41
50	110
50	227
50	508
50	34
50	581
50	83
50	54
50	264
50	258
50	324
50	9
50	369
50	226
50	266
50	571
50	578
50	527
440	90
440	660
440	92
440	107
296	864
296	1549
296	554
296	431
296	12
296	299
296	174
296	330
296	223
296	624
296	630
296	245
296	133
296	153
296	99
296	48
296	1641
296	2474
296	2294
296	2620
639	898
639	282
639	340
639	3733
532	3704
532	115
532	1319
532	86
532	9
532	279
532	13
532	119
532	3226
532	409
83	90
83	3412
83	3889
83	1574
83	3277
886	130
886	377
886	145
886	515
886	2206
886	991
886	1037
886	960
689	2635
689	391
689	403
689	452
689	186
689	166
689	163
689	3004
689	3495
689	1420
689	13
689	3896
280	554
280	391
280	18
280	424
280	1200
280	34
280	1237
280	10
280	83
280	75
280	3714
280	1196
280	1204
280	1577
280	2417
280	114
280	1555
992	17
992	820
992	628
992	1903
992	1967
992	2498
992	3472
781	115
781	19
781	120
781	34
781	1237
781	106
781	2490
781	2430
813	973
813	977
813	24
813	1549
813	2924
813	554
813	3164
813	19
813	76
813	55
813	1683
813	2685
813	2097
813	245
813	1948
813	3200
813	133
813	153
813	99
813	48
813	2117
813	0
813	2092
813	3588
813	2709
813	1641
813	21
813	629
813	3843
813	2291
115	1313
115	1549
115	554
115	74
115	330
115	2966
115	76
115	1316
115	1417
115	245
115	3711
115	471
115	3713
115	27
115	1382
856	1074
856	107
856	556
856	2944
856	2507
64	90
64	354
64	43
64	729
64	11
64	112
64	25
64	28
64	202
64	880
64	230
64	2478
64	3135
64	1713
64	1630
726	130
726	26
726	168
726	362
726	1835
726	632
726	68
726	108
878	90
878	2643
442	1128
442	841
442	115
442	139
442	357
442	99
442	700
442	19
442	299
442	174
442	41
442	145
442	279
442	1124
442	1100
442	1517
442	670
442	85
442	313
442	368
442	1816
442	404
442	1215
442	2188
442	376
442	401
442	892
442	83
442	204
442	54
442	13
442	338
442	292
442	1070
442	1206
442	722
442	226
442	266
442	1192
442	119
442	1901
442	1102
442	1088
442	1525
442	324
442	409
442	1006
442	559
442	319
442	388
442	271
442	1787
442	570
442	1085
442	233
442	2754
442	1342
442	1836
442	485
442	1211
442	23
442	97
442	995
442	1146
442	53
442	629
442	235
442	252
442	2512
442	803
861	145
131	40
131	29
131	704
131	868
131	383
131	1315
131	1605
543	282
543	898
543	40
543	29
543	413
543	629
543	1048
543	1063
543	836
543	0
543	2393
543	193
543	92
543	2085
543	4240
543	4239
543	1880
459	973
459	977
459	76
459	1605
459	30
459	3200
459	2929
459	92
459	107
392	34
140	3259
140	1187
140	2168
140	2662
140	53
509	3350
509	1288
509	1593
509	542
509	587
509	230
509	22
509	362
509	189
509	545
777	670
777	2119
777	1007
698	130
698	189
698	627
894	565
894	115
894	470
894	2461
894	13
894	119
538	85
538	2461
538	82
538	2170
767	115
767	1471
767	3287
767	3259
767	1362
767	74
767	25
767	28
767	515
767	1539
767	1187
767	1263
767	85
767	2168
767	2662
767	82
767	1522
767	119
767	13
767	2159
767	53
767	631
45	189
45	303
45	1284
45	363
45	462
200	545
200	76
200	1080
200	649
200	48
200	1673
200	3621
200	2564
200	1105
200	145
207	294
207	264
207	36
207	33
207	1537
207	41
207	76
207	508
207	34
207	263
207	528
207	324
207	924
1125	145
631	2615
707	554
707	545
707	510
707	1200
707	1272
707	2759
707	262
707	1779
707	119
707	2552
613	130
613	377
613	690
613	145
613	1114
613	164
613	649
613	991
613	960
613	123
613	1131
613	378
613	2206
740	189
740	3431
740	2114
740	859
740	110
740	74
740	200
740	1865
740	629
740	1048
740	1063
740	363
740	741
740	2742
147	673
147	932
147	90
147	2540
147	50
147	1678
147	1709
147	381
147	1162
147	1826
147	3956
846	365
846	47
770	1253
770	3489
770	996
770	937
851	63
851	200
851	145
851	1880
851	943
217	2119
217	1007
217	1456
32	2307
32	1601
32	988
32	130
32	1760
32	545
32	300
32	2785
32	627
32	189
32	328
32	3617
32	255
32	145
32	768
32	629
32	1048
32	1063
32	3011
32	132
32	116
32	943
32	293
32	362
32	1055
32	2092
32	473
32	162
32	474
686	90
686	629
686	506
249	130
249	1171
249	189
249	3500
249	74
249	200
249	255
249	145
249	55
249	132
249	116
249	948
249	2039
249	92
249	107
249	2411
544	17
544	922
544	282
544	2447
544	460
544	4201
544	898
544	365
544	824
544	1110
544	554
544	2997
544	2996
544	848
544	1763
544	2261
544	694
544	580
544	992
544	1047
544	551
544	484
544	19
544	63
544	456
544	1447
544	2608
544	146
544	112
544	628
544	1315
544	330
544	413
544	2071
544	1591
544	1240
544	1406
544	464
544	472
544	733
544	624
544	630
544	1228
544	943
544	804
544	340
544	1159
544	38
544	1191
544	534
544	646
544	636
544	936
544	901
544	1733
544	1257
544	871
544	411
544	1151
544	91
544	836
544	648
544	240
544	1235
544	256
544	1820
544	1721
544	1349
544	1673
544	852
544	347
544	2813
544	2097
544	281
544	137
544	1073
544	2498
544	189
544	3266
544	655
544	1585
544	2859
544	2440
544	1186
544	933
544	1378
544	2868
544	2552
544	661
544	2929
544	1154
544	3733
544	999
544	1750
544	90
544	663
544	1506
544	1369
544	76
544	1034
544	3508
544	676
544	732
544	3711
544	2437
544	2438
544	320
379	17
379	922
379	1995
379	835
379	282
379	2447
379	460
379	4201
379	898
379	365
379	1110
379	554
379	2997
379	2996
379	848
379	1763
379	2261
379	160
379	663
379	29
379	694
379	681
379	580
379	992
379	1047
379	551
379	484
379	94
379	63
379	456
379	1447
379	2608
379	1362
379	240
379	112
379	628
379	383
379	1315
379	330
379	76
379	267
379	55
379	413
379	2725
379	2071
379	1591
379	1240
379	1683
379	1406
379	629
379	1048
379	1063
379	733
379	624
379	630
379	1187
379	1228
379	943
379	138
379	804
379	340
379	1159
379	945
379	1882
379	30
379	646
379	636
379	936
379	817
379	314
379	2918
379	1733
379	871
379	411
379	1151
379	91
379	836
379	764
379	648
379	1235
379	256
379	137
379	1820
379	230
379	1349
379	347
379	3049
379	2813
379	2097
379	281
379	1938
379	1073
379	2498
379	2612
379	52
379	189
379	3266
379	655
379	439
379	2440
379	3750
379	1186
379	242
379	1058
379	899
379	2868
379	901
379	1178
379	1191
379	3733
470	65
470	228
470	1975
470	2336
470	13
470	2302
502	327
502	1362
502	1067
669	2447
669	460
669	63
669	145
669	483
669	437
671	864
671	377
671	628
671	223
671	994
671	3
762	2093
762	3470
762	2061
762	2059
762	2068
762	624
762	630
762	1464
762	1316
762	1417
762	245
762	1641
230	115
230	1539
230	1797
230	2107
230	85
230	470
230	2461
230	400
230	82
230	333
230	2170
230	939
230	1787
230	1111
206	108
206	155
206	728
206	480
206	115
206	222
206	266
206	282
206	120
206	113
206	1549
206	418
206	139
206	2578
206	90
206	86
206	9
206	391
206	36
206	357
206	12
206	890
206	99
206	213
206	43
206	1446
206	546
206	146
206	299
206	174
206	614
206	33
206	41
206	25
206	28
206	145
206	1302
206	279
206	168
206	629
206	1048
206	1063
206	288
206	1100
206	132
206	116
206	508
206	85
206	429
206	34
206	275
206	26
206	293
206	306
206	453
206	381
206	488
206	475
206	441
206	732
206	82
206	262
206	338
206	292
206	333
206	342
206	3167
206	904
206	736
206	221
206	980
206	442
206	571
206	578
206	271
206	439
206	237
206	603
206	23
206	97
206	401
206	2895
206	235
206	252
206	1945
739	114
739	3559
739	92
739	107
695	8
695	24
695	1750
695	2261
695	1537
695	76
695	1558
695	2058
695	1263
695	85
695	34
695	1237
695	10
695	3370
695	1740
695	21
695	82
695	2187
695	992
695	115
695	4024
695	4025
695	550
773	377
773	123
773	690
773	926
773	1714
773	110
773	132
773	116
773	649
773	1114
773	2507
773	994
773	13
773	3
773	844
773	92
773	107
495	766
495	848
495	12
495	1232
495	11
495	83
495	1273
495	1258
495	792
495	202
495	1875
495	1239
333	130
333	377
333	123
333	690
333	2785
333	189
333	3500
333	41
333	74
333	2255
333	255
333	145
333	55
333	132
333	116
333	245
333	34
333	404
333	133
333	153
333	99
333	48
333	649
333	515
333	409
333	230
333	3
333	1853
333	994
333	333
333	1037
333	960
333	3702
333	1979
333	2162
333	2193
333	1646
333	2213
333	678
333	2206
333	3044
166	357
1145	506
312	767
312	1588
312	1459
312	131
1005	1740
1005	21
57	1318
888	53
810	320
810	821
810	938
810	357
810	310
810	709
810	470
810	3874
810	2461
810	409
810	1906
810	878
810	939
810	1787
810	1140
810	416
810	307
810	629
810	1124
810	1123
561	24
561	74
561	200
561	145
561	3821
561	55
561	1522
737	90
737	354
737	729
737	43
737	202
737	880
737	230
737	2478
737	11
737	1630
862	2938
862	365
862	47
862	294
862	264
862	1537
862	41
862	110
862	76
862	145
862	55
862	1588
862	2617
862	508
862	48
862	306
862	1312
862	341
862	1531
862	1533
862	924
266	1549
266	2771
266	1887
266	1100
266	212
266	97
35	24
35	74
35	200
35	145
35	3821
35	55
35	1683
35	132
35	116
35	646
35	636
35	1158
35	293
35	22
35	1522
35	68
35	2490
35	2202
35	107
35	92
547	90
547	1236
547	354
547	43
547	874
547	729
547	2478
547	45
547	25
547	28
547	303
547	202
547	880
547	230
547	2567
547	1859
547	1404
547	324
547	388
547	1713
547	2738
547	112
547	1491
557	328
557	487
557	308
557	629
557	92
557	107
771	1257
771	265
771	2281
771	671
771	1410
58	145
58	470
58	2461
58	1522
58	13
513	90
513	269
513	2045
513	239
513	2456
513	2809
513	413
513	227
513	629
513	1048
513	1063
513	464
513	472
513	1927
513	3116
513	581
513	732
513	363
513	844
513	1162
513	685
513	2324
513	2092
513	356
513	1880
460	4077
263	90
263	33
263	227
263	527
455	565
455	2033
455	115
455	577
455	320
455	821
455	938
455	1549
455	203
455	189
455	568
455	1143
455	279
455	1683
455	319
455	2119
455	1007
455	448
455	470
455	3874
455	2461
455	13
455	2182
455	3886
455	2752
455	939
455	3778
455	416
455	4177
455	2742
455	629
455	92
455	107
285	973
285	977
285	189
285	2821
637	2033
637	12
637	85
637	2119
637	1007
637	82
637	337
637	416
609	3156
609	333
609	2133
302	898
302	282
302	3156
302	333
302	340
302	34
302	415
302	2133
302	3733
105	55
105	1637
105	2119
105	1007
105	1456
105	2306
105	164
105	82
105	805
105	2737
105	2029
105	211
105	13
105	6
105	145
105	2507
491	325
491	90
491	1807
491	263
491	819
491	453
491	0
491	418
491	1062
491	1162
491	30
491	1461
491	1678
491	92
491	107
600	1109
600	365
600	47
600	19
600	464
600	472
600	817
389	1928
389	90
389	1605
389	792
868	898
868	282
868	340
868	2918
467	3983
467	272
467	2071
467	1263
467	1080
467	85
467	946
467	82
467	2564
467	1105
219	53
673	299
673	174
673	1124
673	2119
673	1007
673	892
673	13
673	1192
673	1901
673	559
673	319
673	570
673	233
673	2754
673	1146
673	53
719	1128
719	841
719	115
719	139
719	357
719	99
719	19
719	299
719	174
719	2596
719	41
719	279
719	1683
719	1124
719	85
719	313
719	368
719	1816
719	404
719	1215
719	2188
719	376
719	401
719	892
719	83
719	204
719	54
719	13
719	338
719	292
719	1070
719	1206
719	722
719	226
719	266
719	1192
719	119
719	1901
719	1102
719	1088
719	1525
719	324
719	409
719	1006
719	559
719	319
719	388
719	271
719	939
719	570
719	233
719	2754
719	1342
719	1836
719	485
719	1211
719	23
719	97
719	114
719	629
719	235
719	252
719	2512
720	303
720	363
720	13
55	160
55	2389
55	145
55	934
55	1880
55	1074
55	1637
55	2516
55	2324
55	1476
55	189
55	316
55	629
55	844
55	92
55	107
180	973
180	977
180	90
180	490
180	489
180	312
180	1187
180	2922
180	3598
180	541
180	2918
180	381
180	2039
180	2960
180	1004
564	351
564	350
564	112
564	212
564	537
564	372
272	377
272	123
272	690
272	926
272	1714
272	110
272	847
272	200
272	55
272	293
272	164
272	3
272	994
272	882
272	3702
272	189
272	2944
272	678
272	145
272	629
272	2507
272	92
272	107
795	90
795	1602
795	30
221	1911
221	130
221	1355
221	189
221	3500
221	551
221	63
221	74
221	200
221	2643
221	422
221	255
221	579
221	145
221	3734
221	267
221	55
221	1880
221	132
221	116
221	943
221	3652
221	707
221	3049
221	1522
221	1037
221	324
221	1742
221	27
221	1178
365	2668
365	90
365	200
365	1406
365	2230
365	2086
365	709
365	127
365	107
365	2147
365	3037
704	673
704	90
704	1721
704	381
704	2878
226	2477
226	554
226	189
226	245
226	2851
226	1999
226	2291
906	1354
54	1074
1042	90
1042	3889
1042	1574
1042	3486
1042	3277
378	287
378	932
378	524
378	1073
378	1179
378	30
378	1257
378	411
378	91
378	2552
378	2995
657	973
657	977
657	90
657	1447
657	381
657	2960
657	2135
657	2929
357	2447
357	460
357	898
357	282
357	120
357	733
357	3696
357	340
357	34
357	2918
357	836
357	256
357	2120
357	1110
357	2433
404	365
404	3156
404	333
404	41
404	110
404	145
404	85
404	34
404	82
404	893
404	2133
404	3161
404	629
552	1200
548	222
548	266
548	282
548	898
548	554
548	90
548	580
548	189
548	3431
548	2114
548	2389
548	917
548	1992
548	328
548	255
548	2575
548	145
548	2509
548	624
548	630
548	2935
548	2927
548	34
548	2512
548	306
548	1605
548	0
548	1195
548	3506
548	3199
548	629
548	844
548	1043
548	92
548	107
409	2144
409	2093
409	1549
409	554
409	2477
409	2060
409	1464
409	1887
409	245
409	26
409	293
409	137
409	394
409	342
409	471
409	1667
409	3588
409	2851
409	1946
409	495
409	2853
678	42
678	650
678	90
678	3587
678	490
678	489
678	312
678	3688
678	826
678	3789
678	541
678	381
678	1497
678	1481
678	375
678	30
505	287
505	2153
505	2113
505	3240
505	936
505	2426
505	2654
505	214
505	1500
76	1781
76	53
540	3468
540	554
540	3975
540	3470
540	1464
540	245
540	2437
540	2438
540	2092
540	3977
540	2088
540	2779
241	2093
241	554
241	616
241	2061
241	2059
241	2068
241	2230
241	630
241	496
241	1641
758	1956
758	2635
758	189
758	551
758	145
758	2039
758	1007
758	2415
758	114
758	2411
542	90
542	598
542	1434
542	3412
542	3889
542	1574
542	1252
542	3486
542	676
542	3277
553	365
553	47
553	418
553	817
94	651
94	444
94	641
567	1549
567	245
567	3465
370	8
370	2009
370	1549
370	742
370	407
370	251
370	29
370	992
370	299
370	174
370	170
370	606
370	1100
370	245
370	1937
370	1739
370	10
370	291
370	3656
370	265
370	210
370	971
370	3967
370	412
370	1616
370	1952
370	321
370	1028
370	316
370	735
370	570
370	1554
370	2217
370	2053
370	172
370	296
370	3073
675	1337
675	1992
675	1464
675	1316
675	1417
675	1996
675	707
675	335
452	3428
452	309
452	33
452	2815
452	3432
452	40
452	506
915	554
915	245
899	319
899	2461
576	1362
576	2170
576	114
576	2159
1105	1549
1105	545
1105	1100
1105	537
1105	3016
60	864
60	820
60	628
60	709
60	849
60	293
60	151
190	130
190	123
190	1714
190	510
190	145
190	132
190	116
190	2759
190	1522
190	333
190	882
190	189
581	90
581	482
581	629
581	1048
581	1063
581	1658
581	453
581	441
581	444
1043	76
489	988
489	130
489	189
489	228
489	132
489	116
489	137
426	1228
426	1189
426	2516
415	932
415	3373
415	90
415	490
415	489
415	312
415	1187
415	1588
415	1389
415	30
415	541
415	581
415	50
415	660
415	381
415	418
415	1062
415	1162
415	2788
415	2329
415	1999
415	3956
415	1530
415	522
415	92
415	107
530	189
530	2114
530	310
530	303
530	363
530	2419
733	189
733	2114
733	310
733	303
733	363
733	2419
282	898
282	282
282	340
282	202
282	230
282	3733
672	166
672	3495
672	416
672	1420
107	821
107	938
107	3156
107	333
107	1362
107	2159
107	299
107	174
107	41
107	76
107	629
107	1048
107	1063
107	157
107	119
107	559
107	319
107	505
107	114
107	92
107	107
668	554
668	3164
668	3470
668	1406
668	1316
668	1417
668	1996
668	1948
668	2522
668	1641
668	3027
668	2851
668	2853
668	2291
306	245
306	471
306	3588
46	120
46	340
46	34
46	1237
292	24
292	110
292	74
292	200
292	145
292	3821
292	228
292	132
292	116
292	1158
292	1522
292	68
292	2490
292	92
292	107
472	357
472	1124
472	13
472	299
472	1192
472	1901
472	559
472	319
472	233
472	2754
472	485
395	115
395	357
395	1124
395	13
395	299
395	1192
395	1901
395	559
395	319
395	233
395	2754
395	485
395	114
366	922
366	2447
366	460
366	4201
366	898
366	282
366	365
366	999
366	1110
366	554
366	270
366	694
366	580
366	992
366	1047
366	551
366	484
366	456
366	2608
366	112
366	1537
366	628
366	330
366	2725
366	3231
366	1683
366	1406
366	1271
366	2406
366	733
366	624
366	630
366	1228
366	245
366	2941
366	340
366	1159
366	646
366	636
366	901
366	1733
366	871
366	1151
366	91
366	836
366	648
366	240
366	1235
366	256
366	1820
366	230
366	1673
366	210
366	2810
366	2813
366	281
366	137
366	2437
366	2438
366	1186
366	1450
366	848
366	661
366	943
366	550
366	3733
198	551
198	63
198	200
198	943
198	3652
198	707
198	324
198	1742
570	53
1047	1064
1044	898
1044	282
525	565
525	2307
525	1601
525	115
525	821
525	938
525	1578
525	203
525	568
525	2107
525	806
525	470
525	2461
525	13
525	2170
525	119
525	1787
525	964
525	409
525	1111
193	1760
193	878
193	1007
169	1768
237	90
237	381
237	2960
755	973
755	977
755	1605
755	2929
449	1124
449	1070
49	2114
512	1080
512	2564
512	1105
1152	85
1152	82
1152	2292
61	166
61	163
61	3495
61	1420
433	1602
887	787
887	189
887	1897
887	629
887	1048
887	1063
887	799
887	303
887	363
887	193
887	853
887	689
887	526
34	130
34	189
34	3500
34	74
34	255
34	145
34	55
34	1683
34	1943
34	106
34	132
34	116
34	1522
34	68
34	2490
287	1378
287	90
287	12
287	1921
287	1239
287	881
287	659
287	30
287	50
287	660
287	1162
287	2788
287	1613
118	1128
118	115
118	139
118	357
118	99
118	700
118	19
118	299
118	174
118	2596
118	279
118	1124
118	85
118	313
118	368
118	404
118	2188
118	376
118	401
118	892
118	83
118	54
118	13
118	1206
118	258
118	722
118	1192
118	119
118	1901
118	1525
118	324
118	409
118	559
118	319
118	388
118	1787
118	570
118	1085
118	233
118	2754
118	1836
118	485
118	23
118	97
118	1146
118	53
703	1362
703	2159
703	3728
182	1549
182	554
182	3164
182	545
182	560
182	245
182	1360
182	3588
182	3027
182	366
182	1641
182	1948
182	2291
315	365
315	114
602	973
602	977
602	2092
602	2888
615	722
615	53
323	90
323	227
323	464
323	472
278	973
278	977
278	90
278	1605
278	970
278	707
278	2032
278	2092
143	3156
143	333
143	76
143	145
143	2133
224	53
579	1362
579	2159
579	2156
787	320
787	401
787	53
787	2170
787	1719
136	554
136	2291
17	3009
17	545
17	25
17	28
17	2326
17	3652
17	707
17	2505
17	2321
17	2327
17	3939
17	4243
421	452
421	996
421	145
367	342
308	1549
308	2061
308	2059
308	2068
308	76
308	1406
308	2230
308	624
308	630
308	1464
308	245
308	4124
308	347
308	2097
308	2522
308	3027
921	1471
921	1517
921	670
921	1111
625	1037
625	330
625	923
625	994
537	107
229	482
229	76
229	1240
229	2091
366	160
366	94
366	1506
366	76
366	1546
366	746
366	936
366	411
911	76
911	2452
946	1768
912	870
912	2884
912	65
912	1863
768	1549
768	1797
768	1263
768	85
768	400
768	82
768	258
768	1630
599	337
599	189
599	255
599	145
599	303
599	363
353	29
353	1464
353	865
353	612
353	815
353	1873
353	214
550	36
550	1023
358	90
358	660
358	844
809	365
809	47
809	551
809	19
809	200
809	1943
809	106
809	629
809	1048
809	1063
809	1034
809	464
809	472
809	138
809	817
809	1927
809	3742
809	2507
685	2956
685	510
685	1779
356	471
356	1946
633	1797
633	1263
633	85
633	400
633	82
1168	565
1168	821
1168	938
1168	551
1168	1143
1168	2627
1168	2752
1168	939
1168	1737
1168	211
1168	13
1168	1342
1168	1037
1168	1023
900	565
900	821
900	938
900	86
900	9
900	203
900	568
900	1143
900	319
900	470
900	13
900	2461
900	1005
900	939
885	303
832	580
832	91
51	1529
51	2324
662	130
662	510
662	627
1160	700
1160	2814
1160	2816
1160	722
1160	401
1160	53
332	554
332	3518
332	2744
332	2061
332	2059
332	2068
332	624
332	630
332	3200
332	2515
332	1549
349	377
349	1355
349	551
349	63
349	623
349	200
349	145
349	267
349	279
349	1880
349	629
349	1048
349	1063
349	363
349	1522
349	1312
349	1037
349	2612
349	688
349	1573
349	285
717	1208
717	13
717	2461
717	1281
717	211
240	580
240	992
240	413
240	2941
240	936
240	411
240	91
240	2995
240	3752
834	2776
834	3576
834	2685
834	2097
834	4203
834	1996
834	0
785	554
20	2307
20	1601
20	365
20	551
20	460
20	200
20	629
20	1048
20	1063
20	464
20	472
20	817
20	47
20	299
529	91
240	3739
240	1271
610	34
446	90
446	3789
446	325
446	660
446	1621
446	3511
446	453
917	115
917	554
917	63
917	2249
917	299
917	174
917	18
917	41
917	170
917	1100
917	85
917	83
917	204
917	97
917	271
917	2579
917	386
917	1264
917	53
898	2461
898	1111
1163	1708
1163	119
1163	762
1144	922
1117	480
1117	1071
892	629
892	1048
892	1063
1143	411
1143	3486
1143	2995
1143	412
1167	1332
445	365
445	554
445	663
445	330
445	76
445	1316
445	1417
445	3711
445	471
445	3713
445	92
445	1382
959	1735
959	1842
959	333
662	132
662	116
662	882
6	802
6	551
6	572
6	1506
6	3069
6	2821
6	25
6	28
6	508
6	326
6	518
6	1840
6	166
6	210
6	1025
6	2657
6	2739
6	2943
6	924
6	294
558	90
558	413
196	1549
196	452
196	245
196	3588
196	905
201	515
1115	3983
1115	115
1115	811
1115	34
1115	2168
1115	2662
1115	13
1115	3226
418	1549
418	554
418	424
800	2759
1131	448
1131	421
1131	2769
1131	768
780	2281
780	671
780	1410
490	1362
490	2159
385	1302
385	475
385	741
385	1946
531	123
531	110
531	200
531	293
531	3650
531	3651
531	145
531	2507
531	1382
531	74
804	90
611	8
611	334
611	2093
611	1549
611	554
611	1406
611	624
611	630
611	1464
611	245
611	709
611	4124
611	1948
611	2522
611	2515
611	1405
611	3027
611	1946
611	1641
611	2853
611	92
611	107
865	2785
865	328
865	255
865	828
865	792
865	107
865	1055
865	1760
865	445
865	627
569	413
569	2071
1116	3728
857	1074
270	320
270	554
270	85
270	82
270	1601
270	2303
937	3312
940	1154
1112	108
1112	155
1112	1273
1112	1258
1112	324
127	1071
127	114
251	613
251	611
251	41
251	1271
251	624
251	630
251	91
251	936
286	12
286	1605
436	34
199	3238
117	189
117	2114
65	551
65	63
65	200
65	145
65	1683
65	629
65	1048
65	1063
65	92
65	107
779	1081
779	36
1171	580
1171	91
45	2248
45	145
45	471
45	335
595	354
595	202
595	880
595	230
595	324
595	155
595	3645
329	1074
380	90
380	114
380	641
1123	130
1123	1294
1123	132
1123	116
1123	882
456	3889
456	1574
456	3277
3	17
3	1549
3	554
3	2248
3	2226
3	34
3	488
3	471
3	2039
3	335
443	365
443	47
443	2261
443	36
443	709
443	10
443	472
443	418
853	90
853	381
853	1162
853	1826
853	1999
853	77
853	3956
853	92
853	107
507	1200
507	1637
507	34
507	107
507	82
507	1196
507	1204
507	185
507	6
507	2292
507	629
507	92
274	2114
220	76
738	580
738	91
710	145
710	1476
523	490
14	42
14	3823
14	759
14	222
14	266
14	2477
14	927
14	12
14	299
14	174
14	18
14	2478
14	41
14	25
14	28
14	83
14	2503
14	229
14	267
14	2656
14	367
14	2226
14	245
14	376
14	315
14	2331
14	306
14	2735
14	50
14	2851
14	2479
382	2307
382	1601
382	130
382	545
382	1171
382	2785
382	627
382	189
382	200
382	328
382	3617
382	255
382	828
382	145
382	914
382	768
382	542
382	629
382	1048
382	1063
382	1887
382	3011
382	132
382	116
382	943
382	587
382	293
382	362
382	3755
382	1055
382	1760
382	473
382	162
382	474
876	42
876	90
876	490
876	489
876	312
876	12
876	3789
876	227
876	777
876	325
876	2918
876	1434
876	819
876	381
876	1481
876	2960
876	30
876	92
876	107
797	42
797	973
797	977
797	650
797	90
797	354
797	1807
797	3508
797	723
797	202
797	325
797	30
797	3118
797	3124
797	2918
797	276
797	1434
797	1621
797	819
797	230
797	1605
797	418
797	1062
797	1481
797	2960
797	1491
797	92
797	107
797	3913
191	90
191	160
191	145
191	303
191	0
191	92
191	107
122	320
122	562
122	811
122	1362
122	33
122	1779
122	76
122	1637
122	1080
122	1067
122	1117
122	470
122	13
122	211
122	557
122	1743
122	844
1164	3470
1164	413
1164	3007
1164	2226
1164	245
1164	315
1164	3290
1164	2553
1164	107
1164	3283
932	231
932	1124
850	1969
850	138
850	86
850	9
850	811
850	1362
850	310
850	470
850	2168
850	923
850	0
850	189
86	130
86	189
86	74
86	464
86	472
86	1109
86	116
86	92
86	107
435	2432
435	554
435	3164
435	245
435	549
435	2563
435	2098
435	2126
448	552
448	3489
448	286
448	2153
448	2113
448	2476
448	245
448	2537
448	732
448	1605
448	2742
948	2119
948	1007
948	1456
790	1362
790	3728
790	2159
790	92
790	107
42	123
42	690
42	145
42	164
42	991
42	649
42	627
434	457
434	2411
62	287
62	4211
1159	2681
1159	629
1159	1048
1159	1063
1159	732
1159	1984
501	24
501	65
501	74
501	200
501	145
501	132
501	116
501	1522
501	627
638	1549
638	941
638	471
464	365
464	629
464	1048
464	1063
377	13
377	6
187	973
187	977
187	2928
187	359
187	30
187	1387
187	3328
187	258
451	1074
480	795
480	673
480	932
480	90
480	1187
480	1389
480	50
480	381
480	1460
480	1162
480	1826
480	30
480	479
480	3956
480	92
480	107
616	413
616	907
616	1650
616	1674
138	377
138	123
138	690
138	678
138	3702
814	973
814	977
814	2092
818	565
818	2033
818	320
818	821
818	938
818	670
818	279
818	249
818	470
818	2461
818	13
818	258
818	119
818	939
818	416
818	1124
872	123
872	767
872	47
872	19
872	1779
872	110
872	74
872	464
872	472
872	132
872	116
872	817
872	882
872	92
872	1254
872	403
872	1554
261	115
261	1319
261	357
261	299
261	174
261	231
261	76
261	279
261	120
261	1124
261	408
261	547
261	340
261	707
261	401
261	892
261	141
261	143
261	363
261	13
261	34
261	722
261	1192
261	119
261	1901
261	559
261	319
261	189
261	1787
261	570
261	233
261	2754
261	1964
261	1146
261	53
383	1549
383	3164
383	3138
438	365
438	327
438	1549
438	554
438	43
438	351
438	350
438	112
438	330
438	2226
438	245
438	212
438	202
438	471
438	537
438	372
89	821
89	938
89	1549
89	926
89	189
89	40
89	29
89	110
89	279
89	1124
89	132
89	116
89	448
89	470
89	2461
89	1106
89	13
89	959
89	258
89	119
89	939
89	570
89	2754
89	416
1011	2477
1011	554
1011	74
1011	200
1011	2060
1011	245
484	2261
484	1537
484	1596
484	1733
484	1183
590	1595
1159	90
1159	2045
1159	413
1159	685
1159	2680
1159	92
1159	107
1159	1602
559	2307
559	1601
559	90
559	1658
559	732
559	356
559	92
559	107
556	17
556	687
556	145
556	223
556	709
556	1522
718	1549
718	554
718	2474
718	2620
718	788
718	245
718	3588
718	1393
718	2294
718	92
718	107
97	2889
97	90
97	33
97	3789
97	1443
97	581
97	3511
97	453
97	381
97	2885
97	1678
192	328
192	473
192	162
13	480
13	741
13	2009
13	614
13	1302
13	2723
13	793
13	2400
13	475
13	2579
13	735
13	1946
1158	1886
416	4218
416	90
416	659
416	3780
416	2540
416	30
416	2920
416	3956
896	973
896	977
896	2928
896	1387
896	3328
480	227
1166	90
1166	629
1166	1048
1166	1063
1166	2680
1166	1984
740	1228
1021	2628
79	545
79	357
79	1070
79	1124
752	1574
752	1043
297	130
297	145
297	189
618	130
618	545
618	300
618	627
618	36
618	189
618	2114
618	3500
618	74
618	255
618	145
618	55
618	132
618	116
618	293
618	1522
618	2950
1101	3569
1101	2505
1101	3263
1101	3255
783	2759
783	2546
398	2307
398	1601
129	34
129	1237
129	707
926	130
926	545
926	189
926	3500
926	74
926	255
926	145
926	55
926	132
926	116
812	1074
56	123
56	690
56	1714
56	110
56	994
56	3702
56	678
1032	3823
1032	2477
1032	76
1032	448
1032	629
939	926
939	2461
939	1106
1148	787
1148	791
1154	3009
1154	963
1154	703
341	1462
341	651
341	90
341	267
341	676
341	5
341	2524
341	2485
341	2290
279	2411
279	90
279	1273
279	1258
279	326
279	166
279	3495
279	1420
907	1355
907	2679
907	2735
806	90
806	12
806	33
806	833
806	0
806	2135
806	3978
123	554
123	1253
123	3518
123	2061
123	2059
123	2068
123	624
123	630
123	245
123	127
123	92
123	2098
123	2515
123	1425
753	90
753	581
753	30
753	629
969	673
969	90
969	541
969	381
969	30
969	3956
627	90
627	325
627	819
627	1481
627	30
627	418
729	973
729	977
729	932
729	624
729	630
729	134
729	82
729	50
729	902
729	2929
645	3156
645	333
645	2133
67	3156
67	333
67	145
67	2133
580	511
580	92
580	1024
216	3431
216	2114
216	859
216	1865
216	363
216	189
823	10
823	21
137	554
137	1354
996	1124
254	365
254	76
254	1683
254	408
254	340
254	230
254	893
254	388
254	92
254	107
43	12
43	1316
43	1417
43	366
43	293
43	2092
43	50
43	1346
43	2290
843	2230
843	630
126	1549
126	554
126	3138
126	1393
126	2620
913	1464
913	2226
960	303
960	363
960	189
324	160
324	1236
324	145
324	1605
324	1034
324	2858
324	230
324	2324
324	1476
324	850
324	934
324	542
546	145
546	316
519	160
519	189
519	145
519	1476
519	316
519	3805
519	2411
1173	1362
837	1549
837	110
837	132
837	116
837	2119
837	1007
837	448
837	470
837	3874
837	2461
837	258
837	416
837	4177
837	2742
375	2230
375	2685
375	2097
339	282
339	898
339	340
339	415
1046	1237
1166	732
1166	92
1166	107
1166	1602
1025	1035
1025	870
1025	4152
941	1362
28	2033
28	2119
28	1007
28	2162
28	2193
28	416
28	4177
863	2119
863	1007
120	1591
120	2759
120	1673
586	3156
586	333
586	85
586	34
586	893
586	2133
586	3161
11	988
11	130
11	139
11	132
11	116
11	707
11	137
11	142
11	1291
11	1243
11	68
331	988
331	130
331	74
331	25
331	28
331	2771
331	132
331	116
331	26
331	394
331	495
331	68
902	282
902	2447
902	460
902	898
902	120
902	408
902	340
902	34
902	836
902	415
483	114
483	550
293	1462
293	651
293	90
293	1921
293	33
293	1187
293	676
293	709
293	659
293	1389
293	2524
293	2485
293	2365
293	2574
145	554
145	3164
145	25
145	28
145	245
145	1154
619	36
619	1537
619	10
619	1733
619	528
619	21
619	265
619	857
619	924
619	294
619	550
1009	299
1009	174
1009	1124
1009	892
1009	13
1009	1192
1009	1901
1009	559
1009	319
1009	570
1009	233
1009	2754
1009	1146
1009	53
75	1362
75	231
75	547
75	1432
75	2516
75	1787
75	1964
75	2159
75	92
75	107
575	510
575	3038
575	2759
962	1362
715	2307
715	1601
715	1760
715	545
715	627
715	189
715	328
715	3617
715	255
715	828
715	914
715	768
715	629
715	1048
715	1063
715	132
715	116
715	943
715	293
715	1055
457	729
108	145
108	55
849	90
849	3845
849	1605
1056	255
1056	1055
955	335
955	2850
955	2852
1110	3702
1110	130
1110	627
924	2447
924	460
924	4119
924	483
924	437
924	92
924	107
1082	1316
1082	1417
1082	366
1082	2092
835	1462
835	651
835	90
835	1604
835	1992
835	2685
835	2097
835	676
835	709
835	404
835	1605
835	2485
835	2290
835	2524
835	2574
835	2493
1039	873
1039	479
938	1100
938	386
938	447
984	1337
984	1346
696	2681
194	554
194	85
194	82
194	2292
428	130
428	189
428	2114
428	3500
428	74
428	200
428	255
428	145
428	55
428	132
428	116
428	68
428	2202
428	2490
624	1760
624	328
624	255
624	363
624	162
624	1055
624	3617
624	13
624	473
624	629
624	1024
134	4218
134	673
134	932
134	90
134	228
134	659
134	3780
134	541
134	50
134	381
134	189
134	2540
134	1793
134	30
134	2920
134	3956
134	92
134	107
1037	452
1037	413
1037	34
1037	1237
1037	210
1037	189
1037	807
407	554
407	85
407	82
407	2292
554	782
554	200
554	564
554	768
554	560
554	1034
734	551
734	1554
734	2411
239	90
239	2045
239	2681
239	413
239	629
239	1048
239	1063
239	732
239	685
239	2680
239	1984
239	1880
936	145
936	1522
890	166
890	191
890	3495
890	1420
989	351
989	350
989	2771
989	212
989	97
972	821
972	938
972	3874
972	2461
972	1007
972	939
972	416
655	554
655	330
655	511
655	3666
655	1024
500	245
680	391
680	1273
680	1258
680	2417
108	130
108	189
108	3500
108	74
108	255
108	132
108	116
397	391
397	171
397	1024
596	1760
596	545
596	627
596	189
596	3431
596	2114
596	859
596	328
596	3617
596	255
596	145
596	828
596	914
596	367
596	162
596	1055
596	473
597	973
597	977
597	114
183	42
183	1462
183	651
183	90
183	1921
183	1187
183	676
183	659
183	1389
183	2485
183	2365
183	2524
839	545
839	464
839	472
839	3874
839	2461
839	92
839	803
299	554
299	3164
299	245
299	2851
1173	90
1173	2681
1173	2125
1173	2662
1173	1680
993	90
993	40
993	29
993	1602
463	1056
463	22
463	92
463	107
463	1049
463	2291
990	160
990	145
990	1476
925	123
925	690
925	74
925	3702
925	2490
630	53
831	1549
831	1100
831	245
831	2092
831	3588
831	2291
836	90
836	3845
836	1605
1048	821
1048	938
1048	3874
1048	2461
1048	939
1048	416
1092	130
1092	189
1092	3500
1092	74
1092	255
1092	145
1092	55
1092	1683
1092	132
1092	116
1092	1522
980	160
980	145
980	934
980	1476
970	74
970	564
970	560
970	2085
208	123
208	554
208	3164
208	1337
208	495
208	3476
208	26
208	293
208	394
208	1930
208	116
208	1049
208	1056
265	40
265	29
265	1316
265	1417
265	1996
265	493
265	495
265	1346
265	17
963	351
963	350
963	2771
963	212
963	97
971	623
971	3313
971	1034
971	27
974	1362
1017	554
1017	85
1017	82
1174	17
1174	922
1174	282
1174	2447
1174	460
1174	4201
1174	898
1174	365
1174	1110
1174	554
1174	2997
1174	2996
1174	848
1174	1763
1174	2261
1174	29
1174	694
1174	580
1174	992
1174	1047
1174	551
1174	484
1174	63
1174	456
1174	1059
1174	1044
1174	1447
1174	2608
1174	240
1174	112
1174	628
1174	1315
1174	330
1174	76
1174	413
1174	2071
1174	1591
1174	1240
1174	1406
1174	733
1174	624
1174	630
1174	943
1174	804
1174	340
1174	1159
1174	30
1174	646
1174	636
1174	936
1174	1733
1174	871
1174	411
1174	1151
1174	91
1174	836
1174	648
1174	1235
1174	256
1174	1820
1174	230
1174	1349
1174	347
1174	2813
1174	2097
1174	281
1174	137
1174	1073
1174	2498
1174	3266
1174	655
1174	1186
1174	901
1174	1191
1174	3733
1136	554
1136	1362
1136	2490
1136	1350
1136	627
237	12
237	359
237	3789
237	723
237	30
237	581
237	1318
237	932
227	3565
227	25
227	28
227	2326
227	707
227	2321
227	2327
227	73
521	1108
521	524
521	1240
692	90
692	325
692	2918
692	819
692	30
692	276
692	92
692	107
873	365
873	510
873	1537
873	1733
903	47
903	464
903	472
927	2086
966	2411
316	1872
316	515
670	554
670	2061
670	2059
670	2068
670	1406
670	2628
670	2230
670	2685
670	2097
670	2086
670	624
670	630
670	245
482	1872
482	515
174	2061
174	2059
174	2068
174	2628
174	2685
174	2097
174	2086
174	1316
174	1417
174	245
360	189
360	1721
1057	90
1057	1602
952	2809
952	629
952	1048
952	1063
1016	2685
1016	2097
994	391
161	580
161	94
161	1605
828	2668
828	110
828	1406
828	2230
828	2086
828	127
949	2291
999	1337
838	554
838	1337
838	145
838	245
838	646
838	636
838	26
838	2147
838	2092
838	768
838	2586
838	1641
838	2291
833	3431
833	2114
833	859
833	229
833	792
833	92
833	107
991	511
991	1024
52	17
52	1081
52	767
52	554
52	562
52	86
52	9
52	19
52	456
52	2398
52	41
52	145
52	55
52	791
52	1228
52	1080
52	85
52	245
52	1304
52	1215
52	48
52	1042
52	82
52	210
52	301
52	1147
52	747
52	2737
52	1197
52	345
52	1005
52	2085
52	762
52	663
52	870
52	320
52	1023
277	2119
277	1007
151	2119
151	1007
413	123
413	113
413	2624
413	495
413	200
413	25
413	28
413	132
413	116
413	1677
413	26
413	107
413	293
413	493
413	71
413	151
413	858
413	0
413	1704
413	629
413	92
929	2114
1113	320
1113	90
1113	1605
539	554
539	2061
539	2059
539	2068
539	624
539	630
539	1464
539	3977
539	2853
351	91
998	2668
998	545
998	12
998	1406
998	2086
998	3588
454	1588
454	305
454	1196
454	1204
503	898
503	282
503	848
503	663
503	12
503	25
503	28
503	413
503	2725
503	85
503	454
503	2918
503	82
503	3479
503	3733
363	973
363	977
363	90
363	3508
363	1721
363	1605
363	0
363	92
363	107
1036	391
656	848
679	90
679	484
679	227
679	660
679	1721
679	1460
826	848
702	391
702	1273
702	1258
895	17
895	1000
895	1880
895	1996
895	2761
895	77
1062	1549
1062	3588
1062	366
1062	629
642	4201
642	898
642	282
642	1235
303	90
303	325
303	2918
303	819
303	1481
303	30
303	92
303	107
965	120
965	547
965	340
965	34
965	1237
965	1964
1050	2759
944	365
944	464
944	472
944	817
976	123
976	495
976	145
976	26
976	293
976	394
976	116
355	90
355	188
355	3312
355	10
355	2815
355	2232
355	903
1064	90
1064	12
889	1549
889	554
889	1337
889	2656
889	245
889	2123
889	2586
889	629
889	92
889	107
889	2291
922	554
922	245
922	3588
922	1549
400	94
400	1546
400	90
1149	1721
891	1708
891	1024
2	1549
2	2248
2	4099
2	488
2	1100
2	315
2	1731
1003	299
1003	174
1003	1124
1003	892
1003	204
1003	363
1003	13
1003	1192
1003	1901
1003	559
1003	319
1003	570
1003	233
1003	2754
1003	1146
1003	53
1017	2292
935	90
935	2920
967	988
967	130
967	1760
967	25
967	28
967	132
967	116
967	293
967	151
967	142
967	68
830	1807
830	1434
830	5
1010	3495
1010	1420
943	483
943	437
1109	365
1109	464
1109	472
1109	817
1023	335
1023	2781
1026	988
1026	130
1026	123
1026	113
1026	554
1026	962
1026	18
1026	60
1026	25
1026	28
1026	132
1026	116
1026	26
1026	493
1026	495
1026	71
1026	22
1026	858
1026	210
1026	394
1026	92
1026	245
1026	142
1026	387
1026	627
1132	123
1132	495
1132	200
1132	445
1132	132
1132	116
1132	4093
1132	26
1132	394
1132	2
1132	68
1132	73
1075	898
1075	282
1052	130
1052	189
1052	3500
1052	74
1052	255
1052	145
1052	55
1052	132
1052	116
1139	189
1139	255
1139	828
1139	914
1139	768
968	820
968	90
968	25
968	28
968	2809
968	137
968	629
1054	328
1054	3617
1054	473
1054	162
1074	1420
978	316
1049	988
1049	130
1049	365
1049	464
1049	472
1049	132
1049	116
1049	293
1049	151
1049	142
1049	1164
1049	92
1049	107
987	545
987	90
987	2114
987	381
987	743
987	4128
987	92
987	107
954	4201
1070	1362
973	123
973	3702
1093	1760
1093	132
1093	116
1093	293
1093	1164
1093	2950
1069	3431
1069	2114
1069	859
1069	792
1069	92
1069	107
995	1337
995	245
995	2147
995	2586
995	2853
995	2291
1085	3164
1085	245
1085	2522
1022	90
1022	3587
997	123
997	189
997	495
997	74
997	145
997	26
997	293
997	394
1063	90
1063	629
1063	1048
1063	1063
1063	709
1063	17
928	2114
928	303
928	189
1151	1313
1151	885
22	90
22	33
22	351
22	350
22	16
22	323
22	30
22	2918
22	263
22	1721
22	1680
964	988
964	130
964	2114
964	200
964	145
964	132
964	116
964	1055
1076	554
1076	2147
1076	2294
1076	2620
1077	1779
1077	110
1077	464
1077	472
1077	2411
988	3431
988	2114
988	859
988	792
988	92
988	107
1052	1522
1087	160
1087	145
1087	934
1108	464
1108	472
1072	383
1072	1316
1072	1417
1058	3164
1058	245
1058	709
1058	959
1058	629
829	320
829	470
829	211
829	13
829	557
1012	22
1083	30
1083	219
1083	3977
1083	116
1083	1868
1095	2114
1095	229
1095	381
1095	92
1095	107
1088	160
1088	145
1088	2324
1088	2092
844	2304
844	782
844	848
844	1447
844	1228
844	1159
844	448
844	936
844	2918
844	91
844	1529
844	1721
844	923
844	94
844	392
844	1186
983	351
983	350
983	2771
983	212
983	4124
982	34
1140	25
1140	28
1140	26
1140	394
1	988
1	130
1	25
1	28
1	132
1	116
1	151
1	2946
1	68
18	1034
18	30
16	335
845	4201
845	898
845	282
845	2997
845	2996
845	1763
845	1047
845	551
845	63
845	413
845	2071
845	1591
845	1240
845	733
845	1228
845	943
845	804
845	646
845	636
845	871
845	1151
845	91
845	836
845	648
845	240
845	1349
845	2813
845	3733
7	3431
7	310
7	229
7	627
847	189
847	3431
847	2114
847	310
847	629
8	189
8	3431
8	2114
8	310
0	988
0	130
0	137
0	493
0	495
0	68
0	2946
0	142
0	116
842	3431
842	2114
1001	759
1001	3431
1001	2114
1001	859
1001	245
1001	792
1001	1951
1001	501
1001	4055
1001	92
1001	107
1008	335
1008	4176
1126	2114
1126	501
1126	4055
841	759
841	3431
841	2114
841	859
841	245
841	792
841	1951
841	501
841	229
841	4055
1073	391
1073	12
1073	1273
1073	1258
1073	189
1073	145
1066	1903
1066	1967
1066	989
1066	834
1066	2087
933	19
933	74
933	1595
1040	320
1040	90
1040	1605
320	898
320	282
320	340
320	1567
320	836
320	1087
320	920
1055	552
1081	573
1081	2114
1081	21
1081	4128
1081	92
1081	107
1079	2668
1079	189
1079	255
1079	145
1079	228
1079	2230
1079	2086
1102	1605
1045	89
1045	2039
1045	335
1045	2781
10	1100
10	1948
402	480
402	415
402	2248
402	25
402	28
402	1302
402	212
402	98
402	448
402	179
402	264
402	1938
402	745
402	447
1031	89
1031	245
1031	2039
1031	179
1031	335
1090	320
1090	2809
1065	554
97	42
97	932
97	418
97	650
97	1966
97	490
97	489
97	312
97	375
97	25
97	28
97	1807
97	1187
97	723
97	1241
97	854
97	325
97	30
97	541
97	2918
97	1257
97	1658
97	263
97	660
97	819
97	1709
97	441
97	2788
97	2281
97	671
97	1413
97	1410
97	265
97	287
97	3559
97	1530
97	3124
479	2889
479	90
479	1961
479	660
479	3511
479	453
479	381
479	1162
479	2788
479	92
479	107
659	42
659	2889
659	1922
659	1954
659	418
659	650
659	90
659	490
659	489
659	312
659	3688
659	29
659	33
659	826
659	375
659	3789
659	1807
659	883
659	1443
659	3242
659	843
659	1187
659	723
659	1241
659	854
659	325
659	30
659	772
659	541
659	2017
659	2018
659	581
659	263
659	660
659	1621
659	3511
659	819
659	1062
659	453
659	1678
659	1709
659	381
659	1497
659	2931
659	842
659	2788
659	1413
659	2228
877	123
877	113
877	26
877	858
877	632
1068	1464
1068	303
1068	3977
350	90
350	33
350	581
350	2918
350	660
350	3511
350	453
350	2788
9	189
9	3431
9	2114
9	601
9	310
9	3947
1061	76
1061	592
950	2296
1084	1464
1084	30
1084	219
1084	3977
1084	116
1084	92
1084	107
1084	1868
953	328
953	3617
953	501
953	627
968	899
975	1601
1002	3456
1086	2681
1086	1605
1086	90
255	898
255	282
255	1110
255	268
255	340
255	1237
255	1882
255	3425
255	3423
255	836
255	1087
255	920
255	852
255	415
255	460
364	2889
364	90
364	33
364	3789
364	1443
364	581
364	660
364	3511
364	453
364	1678
364	1709
364	381
722	123
722	113
722	962
722	26
722	858
722	394
722	2
722	387
325	673
325	984
325	90
325	1347
325	189
325	1605
325	2788
325	2441
325	2442
325	30
325	2920
325	3956
98	1617
98	90
98	33
98	660
98	2788
98	1678
931	510
879	627
879	12
879	328
879	112
879	132
879	116
879	10
879	474
